  -1.9415251e-02  -1.9742471e+00   1.9965456e-01  -6.3942506e-01  -1.2660755e-01  -1.4430352e-01   3.7476302e-02  -2.4865916e+00  -3.7002979e-01  -5.8548619e-01
   1.1275156e+00   1.7647114e+00  -3.4899867e-01  -1.0760925e+00  -7.1282709e-01   2.0490209e+00  -8.0361600e-01   2.8790600e+00   1.4817969e+00  -3.3705791e-01
   1.0659867e+00  -3.5399778e-01  -4.1950157e-02  -1.2730178e+00  -1.4132489e+00   9.0378489e-02   1.9384760e-01   5.9036481e-01  -1.4805992e+00   1.1583535e-01
   2.5686303e-01   1.3139761e+00  -4.8901916e-01  -1.5405681e+00   1.2505717e+00   4.2363015e-01   1.2697419e+00   1.6292916e+00  -1.0385216e+00  -5.2611981e-01
   5.0257132e-01  -1.9096814e-01   2.2177059e-01  -6.3636137e-01  -2.0123732e-01   3.9773901e-01   2.1880282e+00   6.6240752e-01   7.1105352e-03  -1.6898910e-01
   1.8624948e-01  -1.5039838e+00   4.7055078e-01  -2.5927056e-02  -1.0788746e+00   2.1484996e+00   1.7075312e+00  -5.4468615e-02   1.1222511e+00   1.4000830e+00
  -4.7173257e-01   3.1233962e-01   6.0796304e-01  -1.2748782e+00  -2.4121381e-01   2.7187979e-01  -5.1135500e-01  -1.2665857e+00  -6.0938830e-01   8.0623184e-01
   1.2389917e+00   1.3934518e+00   1.8502095e+00  -4.2151047e-01  -1.5159547e+00   1.4615235e+00   4.6593335e-01  -4.2365099e-01  -8.1574353e-01  -1.2668650e+00
  -1.3856805e+00   1.0200708e-01  -6.1423489e-01   1.3816100e-01  -1.4397725e+00   1.4324951e+00   1.6762833e+00   4.1615676e-01  -1.9661768e+00  -6.4960523e-01
   3.1988550e-01   1.0509849e+00   4.4995388e-01   5.3292691e-01   4.0640073e-01  -1.3256987e+00  -9.9365321e-01  -4.7893749e-01   5.8066622e-02   1.2943660e+00
   3.2818351e-01   2.5178160e+00   2.9494946e-01   6.7629310e-02  -6.5910891e-01  -1.6989812e+00  -1.7220808e+00  -1.0188105e-01   2.0303992e-01  -1.4566519e-01
  -9.9053193e-01  -4.0470176e-01   1.0932528e+00   4.8911427e-01   2.0671129e+00   1.0598231e-01  -5.5340543e-01   4.9562645e-01  -1.2398038e+00  -2.2291091e-01
  -5.0439927e-02   9.1203543e-01  -9.5578115e-01   7.5111873e-01   6.3058718e-01  -3.5968300e-01   2.0720851e-01  -2.8938189e-01  -1.7309499e+00  -9.9112674e-01
  -5.7538617e-01  -5.2823839e-01   1.6259140e+00  -1.4689593e+00   1.0566226e+00   1.1830678e+00   1.2345965e+00   6.3371945e-01  -6.6047632e-01  -1.4981098e+00
  -1.0120123e+00   5.1762506e-01  -1.7888971e+00  -1.1676278e+00  -9.5966691e-01   9.9425384e-02   1.9575796e+00  -1.2198733e+00   8.4496835e-02   2.9632918e-01
   1.4614519e-01   2.2055408e+00   1.5224006e-01  -1.0878564e+00   1.4126034e+00   7.3191087e-01   3.6701548e-01  -1.0853247e+00  -1.3799804e+00   6.9183426e-01
   9.1012536e-01  -3.8118078e-01  -3.9893070e-01   4.7411336e-01   1.5770908e+00   1.2244717e+00   7.6667467e-01  -1.9258499e-01  -5.1134332e-01  -5.6945213e-01
  -5.6921324e-01   3.4064644e-01   8.1157377e-01   4.1622047e-01  -1.5821676e+00   2.5485042e-02   7.6585165e-01   1.2148734e+00   2.9135701e-01  -1.4251522e-01
  -1.0830789e+00   1.0341692e+00   5.9491453e-01   9.0021405e-01   2.7815847e-01   1.7211526e+00   6.2919123e-01  -5.8045145e-01  -1.4198475e+00   1.9048824e+00
  -1.3182704e+00  -3.6498030e-01   9.6283207e-01   1.0589158e+00   4.5892154e-01  -3.0180723e-01   2.8037026e+00   2.0537998e-02   2.3965305e-01   2.9697449e+00
   7.6100821e-02   7.6980024e-02   6.3106885e-01  -1.9356161e+00   1.0557329e+00  -5.1454769e-01  -1.0845658e+00  -1.3532678e+00   7.7507375e-01  -7.5109028e-01
   1.2656251e+00   5.8309018e-01   1.0890885e+00  -4.5826621e-01  -1.2047972e+00  -4.7313071e-02  -7.9121051e-01   2.8963037e-01   1.0926910e-01   2.4477150e-01
   2.9864353e-01   1.0833026e+00  -1.0896003e-01  -4.5640748e-01   6.0837059e-01   1.7090267e+00  -6.5549785e-01  -1.1472383e+00  -5.6463931e-02   1.3036860e+00
   1.2658036e+00  -3.2361478e-01   7.1694897e-01   4.4443969e-01  -1.6018050e+00  -6.2287830e-01   1.2121454e+00   8.1534380e-01  -1.3528301e+00   3.3583382e-01
  -1.2323687e+00  -4.8426656e-02   8.7123434e-02   1.0340089e+00   2.1244505e+00  -1.5782775e+00  -1.1075778e+00   3.0550321e-01   7.6215090e-01  -4.8792886e-01
  -1.0447298e+00  -7.6069631e-01   9.1981442e-01   1.1206035e+00  -7.1286520e-01   1.5806293e-01  -3.6304345e-01   3.4268183e-01  -6.8537828e-01   1.0141000e+00
   1.3565121e+00   1.5717828e+00   9.7830063e-02  -8.8177397e-01   1.5722928e+00   1.5350634e+00  -2.8031281e-01  -2.1773045e-01   1.5463469e+00  -1.5049048e+00
  -3.8359390e-01  -6.3879690e-01   1.1948907e+00   1.3799967e+00  -4.9332898e-01   1.4046590e+00  -9.6103361e-01  -6.6966441e-01  -8.5637144e-01   1.9048585e-01
   1.0469170e+00   5.5897682e-01  -2.9084430e-01  -6.2511216e-01  -7.9464000e-01  -1.6803899e-01   1.2394227e-01   7.3398551e-01  -1.1442230e+00   2.1975268e-02
  -9.6164703e-01  -1.1702598e-02   2.3514354e-01   1.2479740e+00  -7.4120065e-01   4.9736009e-01  -4.3621669e-01  -4.3951598e-01   2.2157424e-01   1.4384298e+00
   5.2561734e-01  -8.7104984e-01   3.1671612e-01   1.0727407e+00  -8.3494454e-01  -1.2302889e-01  -1.2828507e+00  -3.3628991e-01   9.4196114e-01  -3.7275708e-01
   8.7882011e-01  -5.7394765e-01   2.5021633e-01  -5.2242625e-01   1.6361501e+00  -4.3186905e-01  -9.0171861e-01  -6.2873517e-01  -1.0178482e+00   1.5301997e-01
   6.2371744e-01  -6.2738239e-01   2.8301877e-01   4.6448297e-01   5.1017853e-01   1.0355223e+00   4.2105252e-01   8.9019971e-01   9.3188152e-01   4.7552315e-01
  -2.1308025e+00  -1.2224213e+00   5.3484870e-01  -1.4414203e+00  -6.1605215e-01  -1.6618210e-01   8.7954724e-01   1.5354908e+00  -8.9688318e-01   1.1214103e-01
  -1.2949368e+00  -4.7662101e-01   8.2418325e-01   3.5082602e-01   2.8243065e+00  -2.0317355e+00   1.7505794e-01   6.5449367e-01   1.2222682e+00  -1.0883667e+00
  -4.6053989e-01  -2.3516156e-01   8.7873443e-01   5.8436769e-02   6.3702839e-01   8.8389783e-01   1.2529572e+00   1.7336604e+00   1.9928038e-01  -2.4200153e+00
   1.3037204e+00  -5.8090205e-01   5.4554722e-01  -5.8055422e-01   5.7326314e-01  -4.9690544e-01   2.4231633e+00   7.2403868e-01  -4.4210948e-01  -3.4602840e-01
  -1.2659798e+00  -1.3215350e+00   4.2181558e-01   1.7913323e+00   5.2775393e-02   1.0743703e+00   5.1403057e-01   2.2234981e+00  -1.3655350e+00  -4.5892665e-01
   1.8782165e+00   3.1890954e-01   1.1763881e-01   1.3431603e+00  -6.5665718e-01   1.4062331e+00   5.7834945e-01   6.3156341e-01  -5.3687429e-01  -4.9912880e-01
   5.4815684e-03   2.1445248e+00  -5.8778935e-02  -6.1549283e-01  -2.5102135e-01   6.6903642e-01   1.0799511e+00   8.5124841e-01   5.7388536e-01  -3.0612672e-01
  -2.2855857e-01   8.2655823e-01  -1.5520963e+00   8.8095408e-01   9.3736057e-01  -2.4263598e-01  -1.0389815e+00  -1.3192373e+00   4.5522618e-01   1.7936172e+00
   4.7657693e-01   5.3809798e-01  -1.6442850e+00   1.2800580e-01   2.8370729e-01  -5.2156460e-01  -3.8649083e-01   6.9307096e-01  -7.4614162e-02  -5.5174327e-01
  -6.0699350e-01  -1.1226604e-01   1.5414129e-01  -4.1150686e-01  -4.6366945e-01   7.4481801e-01   9.0680066e-01   2.6403328e-01   5.9788337e-01  -2.9435010e-01
   4.3681448e-01  -6.9500383e-01   7.4355466e-01  -1.5948710e+00   1.5424969e-01   1.1602203e+00   1.3845025e-01  -3.4482673e-01   1.1179701e+00   2.0962923e-02
  -1.0851688e+00  -8.0214050e-02   5.2643360e-01  -2.0816523e+00   3.8056916e-01   3.6435576e-01  -2.9119871e-01   1.4514542e+00  -1.7347799e+00  -9.5754660e-01
   1.5711814e-01  -1.7834298e+00   3.3123516e-01   2.4820703e-01  -2.5135406e+00   3.2216181e-01   3.8974838e-02  -3.9156647e-01   4.5891803e-02   8.7028091e-01
  -1.8054608e+00  -7.8579042e-01   1.6647572e+00  -1.4100081e+00  -5.4463913e-01   8.2556264e-01   5.6089875e-01  -4.5761883e-01  -2.2414530e+00   2.3160014e-01
   8.0629369e-01   5.7214859e-02   3.9203813e-01  -2.1482193e+00  -3.9174239e-01  -1.2473027e+00   8.7611571e-01   5.6345143e-01   2.1030943e+00   6.4415093e-01
  -1.0180193e+00  -5.5640616e-01  -1.7656458e+00  -1.2373854e+00   2.1722194e+00  -5.5827099e-01   5.4083298e-02  -1.6840911e+00   6.6211718e-01  -3.9379689e-01
  -1.7529301e+00  -1.4415276e+00   6.9230842e-01   1.3992888e-01  -2.9409623e+00  -1.0152404e-02  -9.2955010e-02   6.3605115e-01   3.2868184e-01  -7.5421531e-01
  -5.2058359e-01   9.1386888e-01  -5.5074213e-01   2.3678160e-01  -2.2880160e+00   2.2417961e-01  -2.2554844e-01  -5.5164580e-01  -1.6529956e+00   1.0623409e-01
   7.7491797e-01  -5.6772505e-01   1.5268730e+00  -2.0353477e-02   1.0020848e-01   2.1510881e-01  -5.7228785e-01   1.6381704e+00  -1.0627987e-01   7.0491658e-01
  -2.6128622e-01  -5.8030411e-01  -1.4722629e-01  -3.7220684e-01   2.2576172e-01   6.6856180e-01  -2.0815574e+00   4.0482557e-01   1.3945345e+00  -3.7665274e-01
   3.0615899e-01   1.5483040e+00  -1.9285780e-01   1.1307845e+00  -5.8088187e-01   2.0094459e+00  -7.5566773e-01   1.3089340e+00  -6.3446371e-01  -7.5025208e-01
  -1.3799399e+00   4.1992875e-01   1.0392654e+00   7.7947824e-01   2.3415145e+00   5.8195301e-01   1.7842002e+00   9.8282194e-02  -3.7574631e-01   1.6192185e+00
  -1.4987642e-01   3.6771739e-01   3.8401738e-01  -3.8242378e-01  -3.7471059e-01   4.2589700e-01   1.9368427e-01   1.1246528e+00  -1.3169984e+00  -8.7491767e-01
  -9.7206048e-01   1.1996494e+00   1.0421313e+00   9.7908884e-02  -4.9932340e-01  -9.1189952e-01   6.8295937e-01  -1.0289870e+00   1.5303288e+00   9.4105341e-01
   1.6353229e+00  -1.6129739e-01  -2.4298000e+00   1.0960406e+00   5.3476029e-01   1.9574085e-01   1.0487574e+00   1.2516522e+00   9.3056605e-01   1.1050720e+00
  -1.6768232e-02   1.1547797e+00   5.6023824e-01  -2.1268585e-01  -4.2458846e-02   1.2346912e+00   1.5611191e+00   7.8361199e-02   1.1005607e+00  -2.3059975e-02
  -2.9316877e-01   3.8116978e-01  -1.0130204e+00  -9.7623608e-02  -1.1402989e+00   6.1600416e-01   2.5566217e-01   1.2371184e+00   4.0107186e-01  -1.1584341e+00
   1.3348659e+00   4.4339724e-01  -4.5717392e-01   1.2200001e+00  -1.4330405e+00  -2.2869950e+00  -5.6345003e-01  -4.0554527e-01  -2.7554345e+00   1.3947025e+00
  -1.2890431e+00   4.9162139e-01  -5.1950226e-01  -4.1094588e-01   1.6281156e+00   7.5114396e-01  -2.6512075e-01   3.2190300e-01   9.0176376e-01  -6.1231812e-01
   4.8363550e-01  -3.2366252e-01  -3.6615631e-01  -1.1413094e+00  -1.2196978e-01   3.8194123e-02  -5.2539665e-02  -2.0123576e+00   1.6401355e+00  -1.0216218e+00
  -1.5189028e+00  -4.3623151e-02   1.7072145e-01  -6.3571247e-01   1.0223272e+00  -9.4270749e-01   3.9881708e-01  -1.2399121e-01  -3.7259938e-01  -1.7333455e+00
   1.3031077e+00  -3.6145903e-01   6.2230545e-01  -5.9832792e-01   5.4884931e-01   1.9379439e+00  -2.8729434e-01  -4.0176118e-01   1.8249371e-01  -2.1883603e-01
   2.3373589e-01  -1.1501511e-01  -2.7725358e-01   3.8435232e-02   1.2562452e+00  -3.8550311e-01  -7.7953457e-01   1.9313360e+00  -1.6522568e+00  -6.5946185e-02
   1.5512818e+00   4.0035825e-01  -6.4053008e-01   2.3685658e-01  -4.5949875e-02   3.2627714e-01  -2.7171441e-01   2.0681394e+00   1.3568232e+00   8.8644523e-02
   1.3288656e+00  -9.9045066e-01  -8.6171470e-02   1.6753301e+00   3.3142680e-01   1.1302769e+00   6.8844065e-01  -5.6566294e-01  -6.3379642e-01  -1.2545641e+00
  -2.5250055e-01   1.6311614e-01  -1.6954147e+00   2.2052912e+00  -1.1744219e+00  -4.8206469e-01  -6.1677915e-02   7.4340724e-01   2.4061650e+00   1.3110876e-02
   6.6872670e-01  -4.6209960e-01  -1.8790133e+00   1.6529458e-01   1.2552452e-01   1.5086543e+00   1.1481648e+00   2.3395648e-02  -6.5736800e-01  -3.7532269e-01
   2.4519825e+00  -2.2568139e+00  -5.1751117e-02   4.2066711e-01  -9.7683352e-01  -1.4209492e+00   8.6708997e-01   1.6354069e-01  -1.0700937e+00  -1.8326438e+00
   5.9657627e-01   1.9225666e+00   6.3616787e-01   8.3457988e-02  -2.7692390e+00   1.6689955e+00  -3.3662241e-01   4.7339900e-01  -6.6797840e-01  -1.4144363e+00
   7.7481162e-02  -2.0782935e-01  -2.5947447e+00  -1.6102374e-01   8.7913751e-02  -1.1220540e+00  -1.5728792e+00   3.5918873e-01   1.4817153e+00   3.7808662e-01
  -3.5789597e-01   8.1172189e-01  -5.1142095e-01  -2.7441039e-01   1.7817549e+00  -7.3249720e-01  -7.1803118e-01  -2.3423575e-01   1.7022053e+00   6.7958083e-01
   7.4500537e-02  -1.0909577e+00  -1.0740677e+00  -1.4501026e+00   3.4583900e-01  -1.0942447e+00  -3.6495525e-01   1.1350837e+00   5.8343913e-01   7.4303614e-01
  -1.0732635e+00   8.1455841e-01  -6.4280265e-01   8.3652278e-01  -1.5020619e-01  -4.7856799e-01  -2.3973231e-01   6.7454907e-01  -1.3312543e+00  -7.1682152e-01
   6.8459334e-02  -3.0772583e-01  -2.6943703e-01   3.7401543e-01  -5.5360778e-01  -1.4797699e+00   3.9154456e-01   7.7612688e-01   9.4848120e-01   7.7482885e-01
   3.1935606e-01   5.0948971e-01  -9.8606545e-01  -1.5424521e+00   7.4814627e-01   6.8255028e-01   7.2306378e-01   2.9237791e-02   3.8852337e-01  -2.2772653e-01
   1.0078999e-01   1.3290193e+00  -7.7684852e-01   1.0591446e+00   6.4440872e-01   9.6218628e-01  -3.3410349e-01   5.2727829e-01  -1.2815397e+00  -1.1648077e+00
  -6.8557848e-02   3.4802740e-01  -1.4009073e-01  -5.3784477e-01   4.9519373e-01  -9.4433571e-01  -6.2112255e-01   5.4555622e-01   3.2398617e-01  -1.1243884e+00
  -4.4804836e-01  -7.9107758e-01  -1.1795634e+00   1.6116960e-01  -9.9432919e-01  -7.2558778e-01  -1.4798366e+00   1.6884484e+00   2.2176843e+00  -3.4236152e-01
   1.8247431e-01  -5.5897159e-02   2.4281361e-02  -1.4197719e+00   5.7756838e-01   9.6320727e-01  -6.5636347e-01  -3.7448398e-02  -1.4021393e+00   8.5556229e-01
   7.1984726e-01   1.2221016e+00  -4.1088190e-02  -9.5397238e-01  -8.2684976e-01  -3.8163195e-01   8.3323368e-02  -4.5861069e-01   1.7024281e+00   2.7710093e+00
  -5.1644411e-01  -4.1457306e-01  -1.0182594e+00  -3.1573133e-02  -5.6194263e-03   1.1521921e+00  -1.2673099e-01  -6.9241297e-01   2.1795543e+00  -3.5471472e-01
  -5.9127564e-01   2.4030634e+00  -1.6819092e+00   1.1951063e+00   1.8962421e+00   4.5896603e-01   9.7006493e-01  -3.7000845e-01   1.6382214e+00   6.7508380e-01
  -1.4448025e+00  -2.6132174e-01  -1.2999672e+00   1.2147986e+00   1.3022277e+00  -4.7209590e-01  -1.1227191e+00   6.2247013e-01  -3.3484091e-01  -6.5157629e-01
   2.9221426e-01  -1.3042381e+00   1.9677603e+00   6.0470390e-01   6.7806026e-01   1.5457755e+00   4.8991818e-01  -1.1814752e+00   1.3306810e+00   1.2538661e+00
  -5.9966543e-01  -9.0232613e-01   5.3145527e-01   3.2057663e-01   1.1354143e-01  -4.2217915e-01  -3.0774011e-01   5.4101709e-01   1.1659152e+00   5.5542016e-01
   9.1251734e-01  -1.2498850e+00   5.7403056e-01  -4.2866821e-01   1.2391369e+00   1.8792794e-01   1.3134542e+00  -7.5905871e-01  -6.8282218e-01  -2.7886573e-01
   9.7049086e-02   6.9892256e-01  -5.8078013e-01   1.5961009e+00  -2.1844687e-01   6.0297984e-01   1.8650875e+00   1.7836244e-01  -1.1088935e+00   3.7108091e-01
   1.0124463e-01  -6.2948152e-01  -6.0431567e-01  -3.0608061e-02  -1.3313383e-01  -1.1671925e+00   6.7973585e-01  -1.6224671e+00  -1.1456509e-01   7.2173222e-01
  -2.3368315e-01  -2.0888161e+00  -1.5614726e+00  -4.8282685e-01  -2.7680553e-01  -1.7835527e+00   2.2332373e+00   5.2379215e-01   3.8412849e-01  -5.8118997e-02
   1.2298938e+00  -1.5370917e+00  -1.2957506e+00  -1.3027201e+00   6.0509275e-01  -1.4762695e+00   1.7391859e+00   2.7924191e-01   4.6619917e-01   2.3396963e+00
   1.1164242e+00  -3.5092795e-01  -1.0834193e+00   7.3676037e-01   6.4910501e-01  -5.7096216e-01   4.1931421e-01   6.6953345e-01   1.4589571e+00   1.7287945e+00
  -7.4416276e-01   4.3000698e-01   8.0461389e-01   1.5422727e+00  -9.5188768e-01  -3.5344494e-01   1.4230295e+00  -1.2887774e-01   6.4893144e-01  -6.3881737e-01
  -6.1224317e-01  -7.5504421e-02   6.5100150e-01  -1.9010585e+00  -1.1095835e+00   2.0770581e-01  -4.0839651e-02   1.4645246e+00  -4.8563504e-01   1.5473223e+00
  -5.4514679e-01   8.1683240e-01  -4.0749120e-01  -5.7211564e-01   4.1556390e-01  -9.2954008e-01  -1.2571244e+00  -1.2581694e+00  -9.0081542e-01   9.7774397e-01
   2.1997221e-01   4.6092740e-01  -9.4711740e-02  -8.2074729e-02   8.6079916e-01   5.8995606e-01  -7.3613643e-01   4.7287854e-02  -4.4732128e-01   1.4561089e+00
   1.3470824e-01   1.4129577e+00   1.1575876e+00  -5.5360082e-02   1.2721553e+00  -7.9735932e-01  -7.6639222e-02  -1.1124992e+00  -1.0467027e+00   1.1118594e+00
  -9.6669110e-01   1.0401216e+00   1.0134918e+00  -6.1168244e-01  -1.1455014e-01   6.3939558e-01   8.7689730e-01  -5.6028608e-01   4.0747794e-01  -5.7625910e-01
  -2.9160084e-01   6.3294738e-01   8.0759120e-01   1.9712538e+00   1.5433413e-02  -1.0640842e+00  -1.2582121e+00  -1.0458267e-01  -1.4881215e+00  -9.0470409e-01
   2.4003773e+00   8.6407521e-01  -2.9281978e-01   1.5541484e+00  -6.1193270e-01   1.4519221e+00   8.4448454e-01   5.5649411e-01  -7.0534458e-01  -2.2026633e+00
   1.0864304e-01  -3.3134521e-01  -5.4701273e-01  -1.6532908e+00   4.8214403e-01   1.4914856e-01  -1.0192150e+00   1.7433296e+00  -2.0585073e+00  -2.6497462e-01
  -9.1958260e-01  -2.9099366e-01  -1.2992010e+00   1.7913873e-01  -3.7303750e-01  -3.1774638e-01  -7.8648534e-01  -1.9722434e-02  -6.8807861e-01   7.3140801e-01
  -8.1917235e-01  -4.2360609e-01   1.2945286e+00   1.7003186e+00   1.4374798e+00  -1.5170050e+00   4.5313003e-01  -7.3518257e-01  -9.0719238e-01   5.3779085e-01
  -7.9615956e-01  -4.3700189e-01  -8.9521814e-01   1.3545049e-01   3.2977397e-02  -8.2525463e-02   4.8302775e-01  -5.2398249e-01   2.1680762e-01  -1.7638391e+00
   6.2380402e-01  -1.9206895e+00  -1.1463179e+00  -9.5474124e-01   4.4716779e-01  -9.4796895e-01  -8.1390156e-01   4.1136862e-01   5.1959983e-01   1.2445796e+00
  -8.4963432e-01  -4.7278934e-02   1.4140777e+00  -9.7732327e-01   3.4237660e-01  -2.2339009e+00  -4.9909971e-01   4.5336884e-01   2.3722815e+00  -1.0077251e+00
   3.2037709e+00  -9.0165103e-01  -1.1801664e+00   2.9171814e-01   2.3594592e-01  -7.2646370e-01   6.3017363e-02  -2.2218626e-01   3.1218509e-01  -4.8754450e-01
   1.1421809e-02  -1.1811885e+00  -6.4510854e-01   1.9089468e-01  -3.7421719e-01   1.0110142e+00  -8.0565656e-01   1.0326188e+00   1.6884009e-01   1.0027007e+00
   7.8207898e-01   1.2911174e+00  -1.3351657e+00  -1.3094759e+00  -5.9661226e-01  -1.3454379e-01   5.8309992e-01  -1.0845969e+00   1.0392610e+00   1.2788020e+00
  -2.3435812e+00  -6.5039051e-01  -1.9485993e+00   1.7181990e+00  -9.6273671e-02   1.0276505e+00   4.2742124e-01  -3.4092578e+00  -2.2889644e-02   3.7626359e-01
  -1.1835395e+00  -1.1333681e+00  -1.5744884e+00   1.5698405e+00   1.0038527e+00   6.7403100e-01  -6.9794589e-01  -2.0358290e-01   1.4060489e+00   7.4973870e-01
   8.8480988e-01  -1.1196475e+00  -9.8509177e-01  -1.0850088e+00   7.2853352e-01   1.8884936e+00  -6.1458084e-01  -9.5009666e-01   4.5188666e-01  -5.6222372e-01
   6.0219892e-01   6.4229877e-02  -4.0988261e-01   2.2298224e-01  -2.5214892e-01   1.3398376e+00  -1.6864133e+00  -1.8089440e-01  -1.3038220e+00   1.3183630e+00
   7.9517289e-01   9.2463350e-02   1.4487939e+00   2.9340018e-01  -2.1007514e+00   1.3091664e-01  -8.8671103e-01   3.9184310e-01   1.0219638e+00  -1.2465319e+00
  -3.2238014e-01   2.7777877e+00   2.0611344e+00   1.9199963e-01  -2.2178727e+00  -1.1897518e+00   1.2032041e+00   3.5714747e-01  -1.1238270e+00   9.5844948e-01
  -1.0787346e+00   2.6943215e-01   1.2034152e+00   1.7259385e-01   1.1194121e+00  -3.4117719e-01  -7.1006646e-01   2.6896760e-01  -3.1593082e+00  -4.6273118e-01
   4.8375887e-02  -3.3178346e-01   2.7606811e+00   8.3702480e-01  -4.5963152e-01   5.4737896e-01  -9.4486640e-01   1.8908666e-01   3.4694421e-01   8.0516830e-01
  -1.5790751e-01  -6.1015455e-01  -2.1904119e+00   7.3486318e-02   2.5149695e-02   4.6915142e-01   3.8220674e-01   9.2076011e-01   1.0838331e+00  -1.9202859e-01
  -6.3127914e-01   2.9123993e-01   1.3872684e-01  -5.6811693e-01   7.1045754e-01   7.0079353e-01   3.4682597e-01   4.9927459e-01  -1.4706645e+00   1.1583623e+00
  -5.3654623e-01   2.5582670e-01  -9.4574957e-01  -6.7938326e-01  -1.2009261e-01   5.9019757e-01   9.9074552e-01  -1.0141234e+00   2.8055475e+00   1.3706737e-01
  -1.8643260e+00  -3.8365926e-02  -1.9708692e-01  -8.6775993e-01  -1.4149542e+00   7.7182253e-02   2.7777664e-01   2.4469073e-02  -7.5006882e-01  -1.0019661e+00
   2.8147073e-01  -7.1196330e-01   5.0860482e-01  -8.5087450e-01  -9.2827058e-01   5.7265003e-01  -6.6140007e-01  -1.5706413e+00  -1.7731781e+00   1.7169266e+00
   1.2448841e+00   7.1584463e-01   1.4896544e+00  -4.9372678e-01   5.0221016e-01   1.4823035e+00  -1.5319827e+00   1.5090538e-01  -1.6317195e+00  -1.5041755e+00
  -8.5243916e-01   1.0774196e+00   3.5274800e-01  -6.2238640e-01   6.0591306e-01   2.5141461e-01   4.1783294e-01   1.0948581e+00   7.1980605e-01  -1.0524477e-01
   1.3887852e+00  -8.2700752e-01  -2.5918770e+00  -1.2461066e+00   8.1272749e-01  -8.6936452e-01  -1.3785717e+00  -4.0924443e-02  -7.7851205e-01  -5.8108356e-01
   1.9661346e+00   8.8016424e-01   8.0488881e-01   1.0644774e+00   1.3283929e+00   3.0098181e+00  -5.2530161e-01  -2.1950731e+00  -8.9903252e-01   2.9108794e+00
   1.6463376e+00   7.7102916e-01   1.4038958e+00   1.4677106e-02   6.3824887e-01  -6.9107770e-01   3.0616238e+00  -1.8291117e+00  -2.4110990e+00  -1.1789441e+00
   3.9677807e-01  -3.3623887e-01   3.9985745e-01   2.7231366e+00  -3.0662734e-01   2.2952573e-01  -1.0282474e+00   9.6379781e-01   6.9763379e-03   2.2825291e-01
  -1.2176648e+00  -1.7657695e+00   1.2607189e+00  -2.9538704e-01  -3.8720107e-01  -4.9390178e-01   1.0089770e-01   6.5242470e-01  -2.4300346e-01   4.0404700e-01
  -1.9895045e-01  -2.9831996e-01  -4.5376596e-01   1.8642516e+00   4.1926510e-02   1.0475572e-01  -9.4245571e-01   7.8436761e-01   4.9640023e-02   1.9137516e+00
   1.8816372e+00   4.6391447e-01  -1.3447891e+00  -1.5447372e+00   4.5076963e-02  -9.0010372e-01  -1.5423916e+00  -1.2628299e-01  -1.4357961e+00  -1.4728563e+00
   7.1895680e-01  -7.7098964e-01  -1.1987432e+00  -6.2567910e-01  -1.6174559e-01  -1.0389988e+00   4.2865669e-01   1.7188610e+00   5.6248038e-01   1.2539735e+00
   2.0428740e-01  -1.0262774e+00  -9.8286253e-01  -7.1749907e-01  -5.8967906e-01   7.3852837e-01   1.0559174e+00   1.0034658e+00  -1.3876201e-01   1.4107188e+00
   6.6972502e-01  -9.0178395e-01   7.6629137e-03  -1.6179584e-01   7.4582531e-01  -1.2007700e+00  -3.5027874e-01   6.1878495e-01   6.9869136e-01  -5.2726358e-02
  -1.0297531e+00   1.3846496e+00   1.7908798e-01  -6.2817097e-01   7.8081675e-01  -2.1234122e-01   7.3640448e-01  -9.5884099e-01  -8.1454164e-01  -7.9505550e-02
   4.4802622e-01   2.8555918e-01  -2.8946433e-01  -1.0302321e+00   1.1099411e-01   3.5942769e-01   6.3457998e-01  -1.6522307e+00   1.5660810e+00  -1.6817735e+00
  -4.9557794e-01   4.4369194e-01  -7.1703291e-01   1.4124615e-01   1.9775222e-01   2.5106602e+00   1.2388117e-01  -3.5143989e-01  -7.1885025e-01  -7.1714213e-01
  -1.5290305e-01   8.1082033e-02  -2.4990117e-01   7.9550272e-01  -1.2726972e+00   4.1404779e-01  -1.2396506e+00  -6.5487695e-01  -2.2189679e+00   3.1343082e-02
   8.0156355e-01   6.8994062e-01   6.8295992e-01   6.1989207e-01  -8.6180800e-01  -3.1245336e-01   4.3519000e-01  -1.1203584e+00   9.2437379e-02   1.1507962e+00
  -2.8617371e-01   2.1828370e-01  -6.8568500e-02  -1.6291894e+00   3.7102939e-01   8.2896927e-01  -1.3845127e+00   8.7784639e-01  -2.1008791e-02   1.3119416e+00
  -1.7891870e-01  -1.0479073e+00   4.5869802e-01   8.8304775e-02  -5.1802735e-01   2.2784068e+00   1.3216878e+00   7.9100975e-01   1.8430171e+00  -6.0847156e-02
  -2.1380283e+00   6.5256328e-01  -1.1532110e+00   4.9499187e-01  -1.2111097e-01   1.3976962e+00  -1.5960576e+00  -3.1122224e-01  -5.7589194e-02  -9.1453100e-01
  -4.8450619e-01   1.6326670e-01   2.5727901e+00   9.5689038e-02   3.2731279e-01   3.1406347e-01  -5.7478594e-01  -5.1546468e-01   3.1436527e-01   2.1882156e-01
  -7.2613461e-01   1.4284593e+00  -1.5183987e-01  -7.7289169e-01  -4.6694092e-01  -7.5840309e-01   1.7753391e+00   1.3529595e+00  -9.5925408e-01  -7.1989806e-02
   1.0758980e+00   3.0770784e-01  -3.0558426e-01  -5.2377117e-01   3.3558593e-01  -1.0574319e+00   4.6746323e-01   4.9729297e-01  -3.0821403e-01  -5.9124441e-01
  -9.4478163e-01   9.1067811e-02   3.1846693e-01   1.7094166e-01   6.8371649e-01   1.3091343e+00   1.2257234e-02   4.1377393e-01  -7.1455796e-01  -9.7530877e-01
  -5.5672085e-01  -1.2850488e+00   1.1666684e+00  -7.8678003e-02  -6.8573466e-01   1.1559858e-01   9.4449347e-02  -1.6369451e+00  -6.3552239e-02  -8.0022895e-02
   1.3707859e-01  -9.9329894e-01  -1.3603450e-01   3.9304038e-01  -8.7398503e-01  -2.1965727e+00  -2.4754956e-01   1.3396109e+00  -3.8167998e-02  -2.3517678e-01
   1.6527557e+00   1.0508177e+00  -1.0068454e-01  -2.7431510e-01  -5.7335867e-01  -4.1116824e-01  -1.0348410e+00   5.0970642e-01   9.3021529e-01   1.0358522e+00
  -7.0286064e-01  -2.2025038e-01   4.7427677e-01  -1.7174139e+00  -7.9089578e-01   9.2699616e-01  -1.1669392e+00   9.9070647e-02  -8.8633250e-01   1.1741063e+00
  -2.8111250e+00  -6.4778579e-01   9.7708320e-01  -4.9223171e-01  -2.7062359e-01  -6.4941070e-01   1.3045727e+00  -7.6879555e-01  -7.8985313e-01  -6.5697582e-01
   2.1766323e-01  -2.2035123e-01  -1.6338280e-01  -4.8559872e-01   7.4574993e-01  -5.3677004e-01   9.1009893e-01   1.1917091e+00   8.2553327e-01   6.3562445e-01
  -3.5275708e-01   3.1882770e-01  -3.1053016e-01  -8.3206246e-01  -7.5114951e-01  -1.3778778e+00  -8.8414007e-01   5.9960478e-01  -2.7471225e-01  -3.4457283e-01
   3.3379453e-01  -4.3884487e-01  -9.7485371e-01  -4.4111299e-01  -4.2529977e-01   7.0737909e-01  -2.3539361e+00  -2.9029267e+00   5.6904794e-01   7.3553104e-01
   8.7194060e-01   1.6672048e-01  -9.4812393e-01   4.4610039e-01  -7.2984322e-02  -5.4581269e-01  -1.1897285e-02  -1.2532395e-01  -2.5580785e+00  -1.1683131e-01
   5.7396927e-01  -6.0608886e-01  -3.6385397e-01  -7.3253893e-01   4.9013507e-01  -2.0839982e-01  -1.1926341e+00  -7.6455151e-01   9.0565098e-02   4.9480458e-01
   9.0230339e-01   8.0204297e-01   2.8498394e-01   1.5636124e+00  -1.2782956e+00   3.8530337e-01   8.5057839e-01   2.1267661e-01  -2.6379114e-01  -1.8155855e+00
  -4.4700384e-01   1.0649951e-01   3.7992838e-01  -8.8976699e-01  -1.0321006e+00   4.6781167e-01   8.0435396e-01  -1.7337719e-01  -5.8773622e-01   1.8580951e+00
   4.8803117e-01   1.3250381e-01  -8.7561386e-01  -1.5575804e-01  -5.5059433e-02   1.5089932e+00   4.1763677e-01  -9.3710535e-01   1.5908052e+00   3.0828821e-01
  -1.0614564e+00  -3.2098562e-01  -1.1084088e-01   1.8729628e-01   3.7702771e-01  -2.1849157e-01  -3.6540698e-01   9.9486673e-01  -1.2371224e+00  -2.7317395e-01
  -2.4429487e+00  -6.7817061e-01  -1.5630261e+00  -3.8373142e-01  -4.6985573e-01  -1.3627475e+00   2.1027104e+00  -1.1501234e+00   2.7417923e-01   6.9039977e-01
   3.8204244e-01  -2.6872133e-01  -1.8400945e-01  -5.6741466e-01  -1.5043346e+00  -3.4616228e-01   5.6953733e-01  -1.0810663e+00  -7.0535324e-01   6.1407954e-01
  -7.8630092e-01  -5.3083335e-02   1.2511614e+00   1.4209806e+00   6.8304878e-01  -1.5662853e-01   1.9246092e-01  -1.1280549e+00  -7.9664900e-02  -1.6007723e-01
  -2.0585212e-01   3.1497869e-01   1.1391975e+00  -6.0974150e-03  -2.1293129e-01  -3.8492659e-01   5.0914943e-01  -6.4627179e-01  -1.3774450e-01  -7.8720031e-01
   1.0712284e-01  -1.0783471e+00   2.5717993e-01   2.6028549e-01  -1.4810881e+00  -8.9859596e-02   5.6934368e-01   4.1875116e-01   1.0840622e-01   4.5827209e-01
   4.1904305e-01  -4.6514768e-01  -1.1728673e+00   1.3941923e+00   4.4638266e-01  -2.8323964e+00   5.8479279e-01   8.8080490e-01   6.2370938e-01  -8.1812437e-01
   8.1429249e-01  -1.3570919e-01  -6.0687405e-01   6.0355542e-01  -1.2734594e-01  -1.1161210e+00  -1.3802882e+00  -3.8389592e-01   8.7460163e-01   6.4679405e-01
   5.5583096e-01  -4.8055657e-02  -1.8793990e-01   2.1208407e-01   1.5825241e+00  -5.6673062e-01   4.8295232e-02   1.4665799e+00   1.3145198e+00   1.0792605e+00
   2.8498480e-01   6.6391104e-01   9.1158792e-01   3.1656820e+00  -1.3624479e-02   1.6237907e+00   2.4981612e-01   5.0627640e-01  -4.6027497e-01  -1.1714631e-01
  -5.0892658e-01   6.6491324e-01   2.0147739e-01  -1.2336841e+00  -6.8407024e-01   1.4070154e+00  -5.5175091e-01   3.5475000e-01   9.0415344e-01  -2.0370415e-01
   7.4509593e-01   1.4055726e+00  -1.5444348e+00   1.2797281e-01   4.9081351e-01  -1.1045932e+00  -5.2163346e-01   6.6444659e-01  -7.3778572e-01  -1.1929320e+00
   6.6017606e-02   5.1159400e-01   5.1464837e-01  -1.4460687e+00   5.5212003e-01   2.7181359e+00  -8.6089211e-01   3.8100625e-01  -2.2151614e-01  -1.0960291e-01
  -1.2790513e+00  -2.1973046e-01   2.2915340e-01   1.3134584e+00   5.7002922e-01  -1.5210596e+00   2.0138862e-01  -7.0970934e-01   7.2050738e-01  -1.4221465e+00
   2.9533266e-01   5.2532077e-01  -4.2422949e-01   1.7039878e+00  -1.1310888e+00  -1.0354558e+00  -2.5250662e-01  -3.6602776e-01  -1.4820131e+00   1.1766736e+00
   5.8538619e-01   3.7744585e-01  -1.3545302e-01  -1.0676317e+00   1.1062172e+00  -2.3283262e-01  -1.6149445e+00   8.1435488e-01   7.2085285e-01   5.4805013e-01
   9.5375584e-01  -3.3715388e-01   6.5363983e-01  -9.8999223e-01   8.6139258e-02  -5.0579221e-01  -1.4305512e+00  -1.7693605e-01   1.3912726e+00  -6.8293936e-01
  -4.6845646e-01  -6.3473431e-01   2.8315848e-02   7.1809892e-01  -1.0193677e+00  -1.4982695e+00   3.1732722e-01  -2.1653050e+00  -6.0846614e-01   3.8512419e-02
  -1.3223075e+00   1.3064104e+00   1.8335146e+00   4.2013309e-01   1.0710838e+00  -2.0899354e+00   9.8411805e-01  -1.2523654e-01   1.3030836e-01  -9.4052824e-01
  -8.6529060e-01  -4.0232964e-03   4.4395408e-01  -1.0977905e+00  -2.5088475e-01   3.0390024e-02  -4.3777203e-01  -4.5250627e-01  -6.4491429e-01   1.1293507e+00
  -5.3617284e-01  -2.1530897e+00   1.8990928e-01   1.2727725e+00   1.2529601e-01   2.6548424e-01  -1.8127872e+00   1.1179093e+00  -4.5709408e-01  -1.6627337e+00
  -1.7187112e+00   7.8680204e-01  -4.9053800e-01   2.6354715e-01  -6.4375892e-01   5.7044095e-01  -1.2786699e-01   9.0617095e-01  -6.4163434e-01  -5.1915984e-01
  -1.9500873e-03   6.6504997e-01  -5.3935328e-01  -1.1729951e+00   4.6434264e-01   1.1027307e+00  -1.5157226e+00  -6.5093233e-01  -5.1085441e-01   4.6779765e-01
   2.4688905e-01   3.7486018e-02   1.4638970e+00   1.7075426e-01   1.2520529e-01   1.3050483e+00  -6.0858188e-01  -9.2223410e-01  -1.0641699e+00  -1.2470864e+00
  -3.2354659e-01   2.0197749e-01  -7.7576555e-01   2.3503992e-02   6.2377429e-02  -3.9505661e-01   5.1471240e-01  -1.1093838e+00  -8.9112821e-01  -4.0160752e-02
  -4.9473688e-01   2.9929912e-01  -6.6751200e-01   2.4262765e-01  -1.5436964e+00   9.5134001e-01   3.0480047e-01   5.0519606e-01  -1.6673829e-01   7.1003323e-01
  -7.0817038e-01  -1.4893117e-01   2.7168964e+00   1.1278161e+00   2.3304139e+00   4.2457857e-01   1.3058227e+00  -8.7759019e-01   1.5458623e-01  -1.2792626e+00
  -6.5011156e-02  -1.5025755e+00   1.1113503e+00  -1.0938237e+00  -1.2639757e+00   1.0021148e+00  -9.9806325e-01   2.2622823e-01  -1.8849374e+00  -3.4134649e-01
   1.6805522e-01  -8.2148546e-01   3.5836349e-01  -9.4858303e-01  -1.3265911e+00   1.0864590e+00   1.9051144e+00  -6.0720755e-01   3.0391961e-01  -3.4224307e-01
  -1.2012563e+00  -7.8563747e-01  -7.0025810e-01   5.8343008e-01   2.1024576e-01  -9.6351568e-01  -2.3145242e-01  -6.8503572e-02   4.2286813e-02   1.3449254e+00
  -9.7577458e-02  -1.1092989e-01  -1.1650665e+00   5.0853940e-01  -5.9301646e-01  -1.5664280e+00  -1.5424396e-01  -1.0063438e+00  -1.4791767e+00  -1.3342573e-01
  -7.5496272e-01  -8.7076844e-01  -1.2783436e+00  -1.4428267e+00   3.2586076e-01   2.2741149e-01  -6.0564134e-01  -2.8584550e-02   1.0839848e-01   1.1436160e+00
   3.5435672e-03   2.0392575e-01   6.2231824e-02  -8.7852585e-01  -1.6575402e+00  -2.0253311e-01  -5.7385819e-01   1.0398793e+00   7.7942139e-01  -1.3800390e-01
   6.9643561e-02  -1.2762994e+00   1.0821333e-01  -9.8755204e-01   2.1166809e-01   1.7005104e+00   2.8030114e-01   4.2965843e-01  -1.7621590e-01  -1.7291510e+00
  -1.5758519e+00   8.3732465e-03  -5.0765370e-02  -1.6940842e+00  -1.1658870e+00  -1.6052093e+00   3.9446668e-01   6.7564737e-01   1.4523803e+00   1.3465053e+00
   8.2519227e-01   1.0222688e+00  -4.1298501e-01  -3.2994690e-01   2.9822769e-01   8.2027772e-01   4.6091262e-01   4.7653667e-01  -1.3422934e-01  -1.4288252e+00
  -7.6674022e-01   2.2271226e-01  -2.1443893e-01   2.1338340e-01   1.5018650e-01  -1.3322783e+00  -1.4443529e-01   1.6388943e-01  -1.3638581e-01   1.0612807e+00
   3.1675911e-01  -1.0378604e+00   6.6818655e-02   1.5411888e-01  -7.2977832e-01  -1.1308062e+00  -5.0286432e-01   4.6390768e-01  -1.2218656e+00  -4.2983166e-01
  -2.0741392e+00  -6.7872600e-01  -9.2618217e-01  -2.4634918e+00  -9.6717236e-01  -1.0051424e+00   1.8222536e+00   2.9398460e-01  -4.4657897e-01  -7.8315733e-01
   1.1209830e+00   1.0446703e+00  -7.3429914e-01   1.8415192e-01   3.2275521e-01  -2.3447188e+00   2.5549644e-01   2.6169737e+00   1.9234254e+00  -1.3378334e+00
   1.5257399e+00  -1.1619344e+00   1.4003612e+00  -5.1752259e-01   4.9308995e-01   1.0466817e+00   6.9184912e-01   1.7980601e-01   2.6623703e+00  -4.0480019e-01
  -8.4848464e-02   1.0480676e+00   3.2466660e-01   1.1958051e-01  -2.9638320e-01   1.1127110e+00  -9.9209357e-01  -1.0934266e+00   6.8947300e-01  -1.4502674e+00
  -3.1493292e-01  -3.2590420e-01  -9.7836900e-01   5.8925822e-01   4.3057688e-01  -5.0365544e-01  -6.0523088e-01   1.3949061e+00  -1.8696502e+00  -2.9936571e-01
  -6.5804124e-01   1.3025386e+00  -6.1983677e-01  -5.6544475e-01  -2.6318504e-01  -1.4339985e+00  -8.3769107e-01  -1.1566920e+00  -4.7797377e-02   3.7727216e-01
   1.5114149e+00   8.4478638e-01   3.3355630e-01  -5.4198108e-01  -8.2498078e-01  -1.1333696e+00   3.5572675e-01   8.4889860e-01   1.5335069e+00  -5.1085706e-01
  -5.5613538e-01   1.5284480e-01  -9.9534670e-01  -1.8502674e-01  -5.0807028e-01   1.4636323e+00  -7.3137518e-01   1.5411131e+00  -4.4316927e-01  -1.6798482e+00
   1.1265362e-01  -1.0417667e+00   8.7991576e-02  -3.8413184e-01   7.9313951e-02  -1.5429282e-01   1.1212556e+00  -1.0511065e+00  -1.6545196e+00  -6.0982930e-01
  -5.7075456e-01  -2.2208557e-01   8.6737328e-01   1.1781337e+00  -5.3261044e-01  -8.5493735e-01  -5.5628606e-01   1.2176096e+00   1.6359108e-01  -7.4316191e-01
  -5.3847848e-01  -1.9253376e-01  -1.9051173e+00   9.4402084e-01   7.8046720e-01   1.9147368e+00   1.2411875e+00   6.5000300e-01   2.8679778e-01   8.4838829e-01
   1.0326149e+00  -2.5179870e-01  -7.9104698e-01   2.7163916e-01  -4.2277640e-01  -2.0003725e+00   2.1272855e+00  -1.1766911e+00   1.1289104e+00   5.4094739e-01
  -3.1644471e-01  -4.8147036e-01   3.4270773e-01  -1.3796837e+00   8.6224970e-01   5.4590298e-01  -1.4814045e+00   1.0195093e+00  -1.0740155e+00  -2.2141710e+00
   7.2029146e-01  -8.8064078e-01  -2.9802268e-01  -5.7435696e-01  -2.0921293e+00   9.8707376e-01   3.2936723e-01   7.6473497e-01   4.0604776e-01  -1.4091975e-01
  -2.1851107e+00  -2.1217141e-01   1.8616677e-02   1.4937381e+00   2.1089883e+00   1.0267699e+00   2.1068866e+00  -2.2730122e-01  -1.1051581e+00  -2.0188499e-01
   8.9028985e-01  -6.0770154e-01  -1.0639599e+00   6.9198751e-01  -9.7588692e-02   6.3733114e-01  -7.4828814e-01   1.8852078e-01   2.5760739e-01  -5.6876556e-01
  -5.5966740e-02  -1.3643266e+00  -9.3810625e-01   4.2194036e-01   2.6607567e-01   9.6035837e-01   3.7096595e-01   1.5520873e+00   2.9485922e-01   1.6082010e-02
   4.3028438e-01   1.7231945e+00   6.1447574e-01  -1.3723566e+00  -7.5851168e-01  -2.6221634e-01  -1.7370260e+00  -1.8588043e+00  -2.5033381e-01   3.4460065e-01
  -2.0096453e-02  -8.7809023e-01   6.5620368e-01   3.3998752e-01  -2.6148002e+00  -2.0836134e-01  -3.4661901e-01  -9.2034862e-01   5.6762048e-01   2.0298745e+00
  -1.7862202e-01   1.2249631e+00   1.7253953e+00  -7.5401811e-01  -2.7073535e-01  -1.1263353e+00  -2.0252691e-01   1.2659601e+00   4.1901451e-01   9.8427569e-01
   2.5751687e-01   1.8937350e+00   9.1810085e-01  -4.9592929e-01   2.4502521e-01   5.2199001e-01  -1.0114533e+00  -4.3619749e-01   9.0102437e-01   2.1977868e-01
  -7.9995513e-01   3.0469726e-01   3.4820524e+00  -1.3877981e+00  -3.7936210e-02   1.5119205e-01  -8.2358609e-01  -8.7252575e-01   3.8886882e-01  -9.0925755e-01
   1.0243769e+00  -1.1586824e+00  -3.9620292e-01   1.3398369e-01   1.6984561e-01  -3.1698835e-01  -1.0679847e+00  -1.2961352e-01   3.6668479e-01  -8.6743201e-02
  -3.1610729e-01  -2.6984410e-02  -6.3911489e-01  -2.5341576e+00  -3.0508704e-01   1.0077846e+00   5.3278086e-03   1.6319265e+00  -1.1339378e+00   1.5925845e+00
  -7.3439780e-02  -4.4706568e-01   1.4251460e-01   4.9491826e-01  -7.5943876e-01  -5.5925347e-01  -2.5718215e-01  -1.0561789e+00   5.6641546e-01  -5.3820616e-01
   3.7084156e-01  -5.6079596e-01  -1.3394401e+00  -2.7285093e-01  -1.6921566e-01   1.6850870e+00   1.0795846e+00   2.2954432e+00  -1.0379499e+00  -1.0421013e+00
   6.9080260e-01  -5.1978190e-01   8.8671650e-01   5.8334578e-01  -3.5875434e-01  -1.1492831e+00  -2.6227967e-01   4.4061764e-01  -4.9356861e-01  -3.8916855e-01
   1.4920686e+00   1.0487535e+00  -1.5421226e-01   5.5345921e-01   1.3393225e+00   2.5004708e+00  -6.3714447e-01  -1.0357025e+00   6.1699615e-01   7.2062463e-01
  -8.9237884e-02   1.3140151e+00   4.8781214e-01   8.3490435e-01   4.2573783e-01   6.6345784e-01  -8.4988805e-01  -6.6777397e-01  -1.0769133e+00  -1.9004572e+00
   2.0114278e+00  -5.6774509e-01  -4.4154371e-01   2.4439682e+00  -1.2400603e+00  -2.4712067e-01   2.0839801e+00   1.1108185e+00  -6.1944871e-01   2.2734845e-01
   1.0471764e+00  -6.7757056e-01  -6.6810373e-01  -5.6683699e-01   7.9898242e-01   4.9473425e-01  -1.3149617e+00  -2.2772188e-01  -2.5846216e+00  -9.2101461e-01
  -1.3852530e-01   9.3919302e-01   4.3198477e-01   1.3571438e+00   1.2390458e+00   2.4231875e-01  -1.7031437e-01  -2.3537190e+00   2.0530225e-01   3.4017857e-01
  -3.1365707e-01  -8.1557802e-01  -1.4434007e+00  -2.0244912e-01   5.1038409e-01  -2.0854409e+00   5.4765198e-01   3.7570847e-01  -7.5330100e-01   8.9857186e-01
  -1.1789126e+00  -1.0957851e+00  -1.3909079e+00  -1.2884060e-02   3.3711149e-01   9.3780127e-02  -1.1677268e+00   6.0204715e-01  -1.9567976e-01  -7.4225452e-01
   1.0878038e+00   1.8746337e+00   1.2453261e+00   3.1821773e-01  -1.1739627e+00   4.9767866e-02  -3.2781734e-01   7.0326924e-01  -2.1615322e+00  -2.9377196e-01
   1.7010652e+00  -1.9328856e+00   4.4365698e-03  -1.0599349e+00   4.5908546e-01   4.4115074e-02   2.0537840e-01   1.9064453e+00  -5.4622119e-01   3.9645986e-01
  -4.2704153e-01   4.8996691e-01  -1.2255821e+00  -8.7433760e-02   1.5350102e+00   1.4122543e-01   7.1780517e-01   4.4037714e-01  -8.4842031e-01   3.6235430e-01
  -3.6123048e-02  -3.1223655e+00   7.6345835e-01   6.0880127e-01  -1.5618961e-02   4.3882990e-01  -8.3160349e-02   5.2695656e-01   7.6486925e-02   1.7776464e-02
  -1.0678830e-01   1.2192915e-02  -1.7826727e+00  -9.0128389e-01  -2.2007208e-01   5.0253798e-01  -8.8418485e-01  -1.4696936e+00   1.0757581e+00  -5.6479737e-01
  -4.8092745e-01  -8.0522347e-01  -7.1691001e-02  -2.3388273e+00  -2.5617887e-01  -1.8328329e-01   1.1845976e+00   1.0246270e+00   2.8130642e+00  -1.9872044e-01
  -3.4219016e-01   3.2203173e-01   7.7195527e-01   4.3176771e-02   5.5153132e-02   2.7040708e-01   1.3822193e+00   1.5327594e-02   1.0537020e+00   7.0208233e-01
   7.5152091e-01   1.0287370e+00   6.6862722e-01  -2.0702920e+00   1.1057313e-01   6.4736124e-01  -8.3981963e-01  -4.0052943e-01  -1.3355973e-01  -1.3813842e+00
   7.7778716e-01   2.5502885e-01  -1.7250813e-01   1.1050266e+00  -1.2875113e+00   3.8974016e-01  -3.1914592e-01   1.6594064e+00   1.4263143e+00  -4.1614878e-01
   4.2794620e-01   1.2963799e+00  -5.8429022e-01   1.0966030e+00  -1.7685599e-01   8.6199557e-01   2.5175429e-01   2.4467725e-01   1.8396064e-01   3.1399996e-01
   4.8033470e-01   1.2230377e+00  -8.8665178e-01  -3.0779360e-01   1.0056674e+00   2.3530385e-01  -2.7984449e-01   2.2181310e-01   1.7141962e+00  -1.3323443e+00
   1.1398342e+00   1.2681782e+00   1.9704238e+00   7.7211109e-01  -7.3767987e-02  -1.2588777e-01   3.8362103e-02   9.9460150e-01   1.1774378e+00  -1.6813368e+00
  -1.5165013e+00  -5.4350239e-01   1.7088948e-01  -4.0224901e-01   8.7886656e-01   7.3266126e-02   1.2854921e-01   1.1989141e+00   3.1783159e-01  -8.0982109e-01
   2.9215654e-01  -4.3765863e-01   1.5720030e+00  -1.5554494e-01   3.8669598e-01  -9.3071276e-01   3.0999654e-01  -4.9974844e-01  -2.8828040e-01   5.3173337e-01
   8.8168734e-01   9.2751781e-01   1.1327644e+00  -1.0364860e-01  -5.0015696e-01  -2.5876702e-01   9.1965862e-01  -2.5891512e-01  -4.6346955e-01  -7.2639146e-01
  -1.3424261e+00   1.4322387e+00  -1.0680691e+00   6.4023422e-02   7.9830215e-01  -1.2702441e+00  -5.5975917e-01   3.6511189e-01  -7.3394040e-02   6.9583247e-03
  -1.1481351e-01   1.6220165e+00   7.2188794e-01   1.4444568e+00   5.3754360e-01   8.0382328e-01   5.2595779e-01  -7.0956757e-01  -1.4882005e+00   7.7273113e-01
   1.0415943e+00  -3.1515835e+00  -5.5236875e-01   1.3911812e+00  -2.9871806e-01   2.5000193e+00  -1.5544600e+00  -1.4545414e+00  -8.0732190e-01   1.1959448e+00
  -1.1635697e+00   9.3175501e-01   1.4761406e+00   7.8134433e-02   1.2046332e+00   9.8387034e-02  -6.1489833e-01  -1.0657247e-01   1.0198826e+00   7.5896830e-01
  -7.0448886e-01  -1.1548436e+00  -1.2695098e+00   1.8907685e-01   4.7713367e-01   4.6473052e-01   5.1196147e-01   5.3058533e-01   6.1928586e-01   6.4444091e-01
  -1.0617529e+00  -7.9693573e-01  -6.5207742e-01   3.0537782e-01   1.0009740e+00  -5.4230606e-01  -4.2708896e-01   3.8550130e-01  -3.8896550e-01   7.7271508e-01
   2.1022657e+00   1.9984647e+00   5.4180834e-01   8.4892106e-02   1.1770996e-02  -9.7460575e-01   2.0343421e-01  -7.9701011e-01   9.0447623e-01  -1.6067355e+00
  -9.6464853e-01   5.8769013e-01  -1.1688820e-01   1.4902093e+00  -1.0749064e+00  -5.9114432e-01   8.0916003e-01  -8.4420533e-01  -5.0012595e-01   2.1293947e+00
   1.6674115e+00  -1.0806314e+00  -3.6850730e-01  -1.1056589e-01  -6.0987213e-01   4.0142285e-03   5.0630945e-02   2.3010222e-01   8.4001198e-01  -2.2262884e-01
   1.5058958e+00   3.6977764e-01   1.7501645e+00  -1.1324360e+00   3.0790666e-01  -3.0517484e-01  -6.3911054e-01  -1.2482542e+00   9.2038338e-02   3.8866616e-01
   6.2166057e-01  -2.6673440e-01   1.0676210e+00  -7.3546582e-01  -1.4238512e+00   2.0634628e-01  -5.3828285e-01  -1.7219108e-01  -5.2177093e-01  -9.2974300e-01
  -1.2324444e-01  -6.7233028e-01   6.3634457e-01  -4.1098772e-01  -1.7162097e+00   5.3418357e-01   1.4314861e-01  -1.5878104e-01  -5.6912233e-01  -6.0092290e-01
  -2.9975903e-01  -4.7793740e-01  -7.6034271e-01  -2.9227522e-01  -1.5927024e+00  -2.7051742e+00   1.3947781e+00   1.8502711e+00  -8.7832066e-01  -8.0303630e-02
   5.2506570e-01   1.9942024e+00   3.7941613e-01   1.1638586e-01  -1.5901304e+00  -1.2375861e+00   5.9812203e-01  -9.6094568e-02   7.4977883e-01  -1.2112479e+00
   1.5197773e+00   2.5706894e+00   7.5710854e-01  -9.0850204e-01   1.8976256e+00  -1.0082517e+00  -1.3393261e+00   1.3500148e-01  -3.6067873e-01  -1.3880344e+00
  -4.5919170e-01   9.5143802e-01  -1.0415831e+00  -8.4553935e-01  -1.7470269e+00   1.7749528e-01   1.6363922e+00  -1.3563824e+00  -3.2125455e-02   6.2190854e-01
  -1.4898505e-01  -1.4555930e-01  -8.2001225e-01   1.5420141e+00   7.5284383e-01   4.7000325e-01  -9.9934495e-01  -1.3543885e+00   4.4149770e-02  -4.5573101e-01
   1.3510277e+00  -9.8159006e-01   9.5221724e-01   2.5917218e-01  -4.4765744e-01   5.3605964e-01   1.0987169e+00  -4.2122174e-01  -6.7728290e-01  -5.3370373e-01
  -1.4713297e+00  -1.0278170e-01   8.5380398e-01   6.5911193e-01  -6.3819900e-01   1.3065454e+00   4.8682378e-01   1.4910541e+00   7.1535495e-01   7.9365096e-01
  -4.2639444e-01   9.8806364e-01   3.3366334e-01  -7.7121817e-01   2.4925600e+00   1.2252632e+00  -1.5865221e+00  -9.9176791e-01   2.3522135e-01  -5.7380437e-01
  -6.0398432e-01   3.7917541e-01   2.8062404e-01  -1.8835498e+00   1.3496149e+00   1.0423236e+00   6.1408518e-01   1.6551024e+00   8.0778220e-01   4.9583737e-01
   1.2088152e+00   2.4302006e-01  -6.5785411e-01  -7.0326325e-01   4.1048836e-01   1.1828747e+00  -1.2614445e+00   2.5969678e+00   3.4906044e-01   9.6420830e-01
  -5.0982597e-01  -1.6740007e+00   8.2297220e-01   8.2472828e-01  -1.3550531e+00   5.6588430e-01  -5.8541277e-01  -1.1427713e+00   1.8267420e+00   7.1893086e-01
   3.2198363e-01   4.8669792e-01   1.5426454e-01  -1.8996578e-01   1.2165297e+00   5.7661420e-01   3.6663927e-01   3.7587927e-01  -6.0310672e-01   1.9700733e+00
   1.9954646e-01  -2.0435072e+00   2.0061077e+00   1.2285802e+00   4.1975140e-01  -1.2811567e+00   4.0229605e-01   6.6060702e-01   1.8205228e-01   1.4417951e-01
   2.2779929e-01  -7.2425811e-01   1.4368838e+00   1.7762649e+00   4.5208459e-01   2.1450275e+00  -5.2844130e-01  -1.0438733e-01   2.5610322e-01  -9.2023611e-01
   2.0679913e+00  -6.5185190e-01  -8.0829198e-02   7.5066308e-01   5.2981235e-02  -9.5046404e-01  -2.5144707e+00  -1.2338236e+00  -4.3696579e-01   6.8628225e-01
  -1.1356732e+00   1.0842778e+00   1.8082304e+00  -1.4324975e+00   5.1062802e-01   9.9397901e-01  -1.3328315e-02   3.7125192e-01  -3.6651976e+00  -2.3610183e+00
  -1.1323915e+00  -5.0043452e-01  -7.9165268e-01   1.1583725e-01  -1.7531931e-02   1.3911292e+00   6.2878718e-01   5.5453616e-02   8.6281057e-01  -1.7508826e-01
  -6.2571909e-01   5.8587832e-01   1.3062103e+00  -4.4248938e-01   6.9839193e-01  -1.0525571e+00   1.0446993e+00  -3.4436915e+00  -2.8480744e-01  -5.9400311e-01
  -1.9849266e-01   1.8743795e-01   1.6081327e-01  -9.9961747e-02   1.1321553e-01   1.1447154e+00   4.5058573e-01  -3.1126422e-01  -8.5650930e-01  -8.1937662e-02
   1.6072487e+00   1.0008393e+00   1.3655681e-01  -1.3752181e+00   3.0952941e-01   8.7800178e-01  -1.4704550e-02  -1.3354826e+00   5.7016338e-01   4.3770191e-01
   2.8084139e-01  -1.3919475e+00  -3.9160757e-01   6.6906548e-01  -7.1986102e-01  -1.0104291e+00   8.9627624e-01  -6.5119317e-01  -1.0331248e+00  -1.2874586e-01
  -3.6101288e-01   7.3565442e-02   2.0047072e+00   1.1729685e+00  -3.8256330e-01  -1.4729025e+00   1.3698087e+00  -3.3559269e-01  -2.6222016e+00  -1.2136184e-01
   1.3217583e+00   1.9260937e+00  -6.6256397e-01   2.1527010e-01   5.1800641e-01   2.4467622e-01   2.9737495e-01   1.2976164e+00  -1.8847643e+00  -1.7695745e+00
  -9.4214839e-01  -5.5740722e-01  -9.1299763e-01  -9.7610266e-01   1.8274998e+00  -1.1280952e-01  -7.6357641e-01   9.2168336e-01   9.5765322e-01  -1.9482070e-01
  -1.3523545e+00  -6.9181214e-01  -7.2610413e-01   3.8657219e-01   2.1396441e+00   8.2010669e-01   1.1127828e+00   5.4046452e-01   1.8700453e-02  -6.1511086e-01
  -7.1694177e-01  -5.1909919e-01   2.9778569e-01  -3.8462384e-01   4.2878209e-01  -1.2392657e+00   1.7756041e+00  -4.5837653e-01   4.7714764e-01  -1.1954768e-01
  -1.3340172e+00   2.8102266e-01  -9.8866097e-01  -7.3987015e-01  -1.2523082e+00  -1.0216154e+00  -1.5874044e+00  -8.4569482e-01   6.4860452e-01   7.8072888e-01
  -9.3874603e-01   1.1413587e-01   1.7954377e-01  -6.5184116e-01   1.8179086e+00   1.0030109e+00   2.0754416e-01   3.2627134e-01  -2.0299188e+00   1.6262781e+00
   5.6845366e-01   7.1319397e-02  -3.1714536e-01   5.1028262e-01  -7.9770719e-01  -9.7893951e-01   1.5851630e-01  -3.2215634e-01  -1.6914950e+00  -1.2055501e-01
  -6.8760481e-01  -3.2871875e-01  -7.8867849e-01  -8.8403185e-01  -1.7703263e-01  -8.5819388e-01  -5.6864965e-01   6.3498553e-01   3.0100525e-01  -7.1398482e-01
  -2.7963084e-01   1.4259529e+00   3.3202986e-01  -3.3903259e-01  -6.2295852e-01  -1.9242525e+00   8.0965027e-01  -5.0469873e-01  -3.4901576e-01  -2.5853213e+00
  -9.0403147e-01  -3.4585985e-01  -1.3204038e-01   3.4605323e-01  -2.4357398e+00  -8.2073255e-01   3.1355608e-01  -7.9890709e-02  -6.2359082e-01   1.5505047e-01
   3.7568255e-01   9.4246227e-01  -1.1050255e+00  -3.1437182e-01   6.8286087e-01  -2.0449212e-01  -1.2482417e+00  -5.3607413e-01  -2.1586601e-01   7.6371286e-01
   1.2440447e+00   2.9795414e-01  -1.8819408e+00  -2.6061861e-01  -9.7519371e-01   2.5159930e-01  -1.3457148e+00  -4.5914617e-01  -1.2535334e+00  -9.6786014e-01
  -4.0059934e-01   5.4319019e-01   1.3593051e+00   4.3886794e-01   8.2179546e-01   5.2151067e-01   1.0177134e-02   5.5691501e-01   5.5149513e-01  -4.1072397e-01
  -4.8514232e-01  -9.2922584e-01   4.1862881e-01  -1.9018450e+00  -2.9249042e-02   1.0131261e+00   1.2864616e+00  -6.0928004e-01   5.1403468e-01   4.1178065e-01
   1.0434795e+00   3.4690686e-01  -7.5512948e-01  -2.5141534e-01   2.5111664e-01   5.1590160e-01   1.0274326e+00  -1.7323845e+00  -1.1300632e+00   1.8426893e-01
   1.6338754e+00  -1.1498264e+00  -5.7333990e-01  -1.6921540e-01   6.9417462e-01  -1.2778557e+00   1.0908239e+00  -5.1622976e-01  -2.0014802e-01  -5.0860481e-01
   5.5605461e-01  -1.7703834e+00  -2.6458667e-02  -1.5853464e-02  -4.4747375e-01  -1.0746994e+00  -3.0932373e-01   9.9869680e-01  -7.1541603e-01   1.7562571e-02
  -1.4595113e+00   9.3694914e-01   1.5570880e+00   5.6408064e-01  -1.5974838e+00  -3.4348096e-01   1.5850832e+00  -1.1478265e+00  -5.5440345e-01   1.4841846e+00
  -5.9390011e-01  -9.1381045e-01  -6.0513504e-01  -8.4850840e-01   1.3018921e+00  -2.9346999e-01   1.1614952e+00   4.9803091e-01   7.9379258e-02  -1.0113213e+00
  -6.2755270e-01   3.8490756e-01  -1.0279506e+00  -8.0175786e-01   1.7508068e+00  -3.7772642e-02   2.3800937e-01   1.1154840e-01  -2.2905945e+00  -1.3415799e-01
  -1.5518403e+00  -2.2010629e-02   1.5286312e+00  -5.6402576e-01  -9.3731905e-01  -1.5214955e+00  -2.0364123e+00   1.5884568e+00   5.3602617e-01   5.7056735e-01
  -1.1734123e+00   1.4079575e+00  -1.1325409e+00   9.2746830e-01  -7.0903703e-01   1.1139402e+00   6.7979802e-01   7.7236202e-01  -5.1329681e-01  -2.5970381e-01
  -1.3478009e+00  -4.2980078e-01  -1.4528445e+00  -2.0411837e-01  -5.3820751e-01   5.6917921e-01  -2.3164006e-01  -1.2709104e+00  -1.5060282e+00   2.4471491e-01
   1.0748982e+00   1.0211110e+00   1.2654904e+00  -1.5535657e+00   1.7580068e+00  -9.8879839e-02  -1.4735080e+00   8.9297633e-02   6.2267874e-01  -2.3454849e+00
   1.6234997e+00   2.1935381e-01  -1.5150391e-01  -1.1874089e+00   6.3377145e-01  -3.7220273e-01   2.7031689e-02   2.5405901e-01  -1.9037486e+00  -4.2391552e-01
   6.2321509e-01  -1.0654826e+00   5.4308479e-01  -1.0636180e+00  -3.1223820e-01  -2.2542568e-01  -2.1296138e-01  -7.3669030e-01  -7.9705183e-01   3.5651259e-01
  -2.9679814e+00  -4.9628377e-01   7.2833898e-01   4.4513913e-02  -6.5905805e-01  -2.9724973e-01  -2.7831112e-01   1.2783125e+00  -4.8275049e-01  -3.9948868e-01
  -6.9391134e-01   4.1896943e-01  -4.7502344e-01  -1.3620304e+00   3.9092695e-02   8.2179957e-01  -3.0239248e-01  -1.0657056e+00  -1.8160330e+00   9.5745227e-01
  -6.7346312e-01  -6.7234584e-01   1.3007545e+00   6.5442106e-01  -1.6086169e+00   1.4809060e+00   1.3912332e+00  -1.9700178e-01  -7.1489021e-01   1.0230758e-01
  -1.1654133e+00  -7.0355489e-01  -4.6015672e-01   1.6426029e+00   4.7554569e-01   6.5419760e-01  -1.1216139e+00   3.8034047e-01   1.1607270e-01   1.6375294e+00
   1.2275843e+00  -1.3084562e+00  -8.8956074e-01  -9.1280531e-02  -1.8178678e-01   2.0772816e-03   1.1689157e+00  -4.1412723e-02  -1.2247023e+00   6.6445187e-01
   1.3856316e-01  -7.8419814e-01  -2.2873957e-01  -1.5890233e-01  -7.0200679e-01   1.1576399e+00   1.1328553e+00   8.3999508e-01   7.3057684e-01   1.5762681e+00
   1.5595808e+00  -3.2565801e-01  -1.8899585e-02  -4.2411791e-01  -3.7700252e-01   4.1987857e-01  -9.4977867e-01   7.8898648e-01  -8.1793959e-01   3.8325278e-01
   3.7837974e-01  -2.5276901e+00   4.9260019e-01  -4.5359375e-01   5.1702332e-01  -3.1218772e-01   2.1156875e-01   9.7893928e-01  -5.0568454e-02   7.4652715e-01
   1.2376847e+00  -7.7571766e-01  -1.0332154e+00  -1.2127537e-01  -3.4016230e-01  -1.2566296e+00  -1.1614001e+00  -1.7916424e-01   3.5520697e-01   3.9739282e-01
   3.6851531e-01  -7.5808407e-01  -9.2537921e-01  -2.1549239e+00   6.2784388e-01   1.0268728e-01  -1.5915751e+00  -2.4446476e-01  -2.3424545e-01  -1.0290889e+00
  -5.8855261e-01   1.1686490e+00   1.9346277e-01  -2.3066312e-01  -6.9841031e-01   4.8051315e-01  -4.1821727e-01  -1.1997291e+00   8.9918740e-01  -1.9240421e+00
  -4.9254339e-01   1.3949852e+00  -8.4391653e-01  -2.6273150e-01   8.8688380e-01  -3.8533089e-01   5.1376217e-01  -4.4518968e-01   4.6741455e-01  -2.1863058e-01
  -2.8668083e-02  -8.9293001e-02  -1.3477436e-01   1.9908149e-01  -5.3615274e-01   2.3678341e+00   1.0165303e+00  -1.0712038e+00   1.8663738e-01   4.2311421e-01
   9.8140488e-02  -1.4156834e-01  -6.4467000e-01  -1.2778428e-01  -3.6738707e-01  -1.8927616e+00   7.3159460e-01  -4.8206823e-01  -2.6435423e-01   1.0454773e+00
  -5.5135964e-01   7.0326324e-01  -1.9944786e-01  -1.5105830e+00   4.7288839e-01   2.7434214e-01  -1.1817839e+00  -1.4470278e+00  -2.2098000e+00  -5.2942889e-01
   3.6279758e-01   1.2296990e+00  -1.3968104e+00   8.2809638e-02   1.4934105e+00   1.0113930e+00  -6.7557598e-01  -2.7974246e-02   1.9566704e+00  -2.3225430e+00
  -3.3460084e-02   5.7842474e-01  -1.4134979e+00  -7.6312735e-01   6.5929399e-01  -1.1170557e-01   9.0580923e-01  -1.0598150e+00  -1.4349556e+00  -2.8998731e-01
  -5.4699449e-01   1.0642416e+00   1.2742791e+00   5.4772769e-01   4.4986171e-01  -1.7323504e-01   1.0297203e+00  -9.8549240e-01  -4.7302361e-01  -8.7258008e-01
   9.3984188e-01  -1.3694612e+00  -1.3867898e+00   2.0094419e-01  -1.2290988e+00  -1.4104621e+00  -6.8012111e-01   2.3679572e+00   2.8526250e+00  -7.7756671e-01
   1.0432674e+00  -7.0169727e-01   1.1287139e+00  -2.2546162e-01   1.0825762e+00   9.1643116e-01  -4.1045413e-01  -9.2128496e-01   1.2381392e-01  -4.2437591e-01
   2.8480337e-01  -1.0017972e+00   5.8380421e-01  -8.6031567e-01  -9.1114309e-01  -6.4133498e-01  -5.9377294e-01  -5.4900885e-01   1.2513270e+00   8.1897010e-02
   2.6658900e+00  -1.7938607e+00  -7.5270924e-01  -6.4070602e-01   1.2311438e+00  -7.9230948e-01   2.3869340e-01  -2.2342122e-01  -4.4196840e-01   4.6022404e-01
   5.5391708e-01   1.0196210e+00   1.2534843e+00  -1.2407504e-01   5.7660552e-01   4.7287278e-01   4.9940788e-01   5.7010732e-01  -7.1074812e-01   1.0253238e-01
  -2.0419735e+00  -2.7286111e-02   1.8312474e-01  -1.2014897e+00   1.8992433e-01   8.7097259e-01  -9.5737141e-01   4.3126036e-02   3.8883794e-01  -4.1454525e-01
   6.0605209e-01  -3.1470904e-01   9.2272029e-01  -6.5536512e-01  -1.0948054e+00   9.9015817e-01  -9.5816276e-01  -9.8771520e-01  -6.3971431e-01   1.3019653e+00
   4.7189446e-01   3.6716484e-01   2.6348333e+00   4.8293496e-01   8.6552865e-01   1.5894841e+00   7.3674461e-01  -7.3137942e-01  -8.2680389e-01  -1.5000865e+00
  -5.6300598e-01  -2.1925391e+00   2.5862606e+00  -3.4124931e+00  -1.0783574e+00   1.8709153e-01   8.2137658e-02   3.3224083e-01   1.9165603e+00   8.3403543e-01
  -4.5359543e-01   1.6947019e-01   8.9308782e-01   1.2613905e+00  -1.8495486e+00  -1.0071666e-01   6.4481519e-01  -1.3492341e-01  -9.0674487e-01   1.2370093e-01
  -2.5411912e-01   1.6996600e+00   3.0212256e-02  -3.7036850e-02   1.2626395e-02   1.2542724e+00  -9.4413123e-01  -1.5684244e-01  -9.3115108e-02  -2.7134700e-01
  -1.0451821e+00   8.1302565e-01   5.9672355e-01  -1.7176242e+00  -6.0158688e-01   6.5858377e-01  -9.7603904e-02  -3.2255189e-01   6.7604248e-01  -3.2655965e-01
   6.4432104e-01   7.2627558e-01   2.7788399e+00  -2.5853225e+00  -9.6339694e-01  -3.6895780e-01  -2.8218166e+00   2.0141664e-02  -3.7203898e-01  -8.4926413e-01
   4.8761841e-01  -1.8654649e+00  -1.7187589e-01  -1.8238965e+00  -2.5479723e-01  -3.1282756e-01   6.7966985e-01  -7.0699206e-01  -4.9029074e-03   2.0347256e-01
  -6.5088838e-01   9.4774012e-01  -6.5217027e-02  -1.0874731e+00   7.4873435e-01   1.6099339e+00  -1.8714427e-01  -1.3574996e+00   1.4460842e+00  -4.3320531e-01
  -8.0485431e-01   1.0389393e+00  -5.9671285e-01  -2.4978949e-01   4.3606783e-01   7.1987209e-01  -1.0836235e+00  -7.4384312e-01  -2.6366269e-01   1.6581711e+00
  -9.3010123e-01   1.4053809e-01  -3.6889850e-01  -7.6420191e-01  -8.9504180e-02  -8.2434405e-01  -7.5899766e-01  -6.1097523e-01   2.1462597e-01  -1.1321001e+00
  -1.0187502e+00   6.3203022e-02  -1.9823570e+00   3.6616234e-01   2.5198910e-01  -2.1602191e+00   4.0321804e-01  -6.1220578e-01   1.8963938e-01   1.6435782e-01
   3.3120814e-01   5.2051969e-01  -5.1561881e-01  -1.4472012e+00   1.6451347e+00   2.6013615e-01   5.5388751e-01   5.4723446e-01  -6.5667831e-01   9.3327973e-01
   2.6932862e-01   9.4827888e-01   4.1294883e-01   1.2849711e+00   4.3632479e-01   4.4258827e-01   1.7249390e+00  -1.1421377e+00   5.8564230e-01  -2.8735537e-01
  -7.5378565e-01   3.6945601e-01  -2.7216309e-02  -1.0260347e-01  -1.7723130e+00   7.7336936e-01  -5.6429298e-01   6.0203634e-01  -5.5954623e-01   8.7742725e-01
   2.2495453e-02  -2.1370554e-01  -3.5412463e-01   3.3447432e-01   7.4589984e-01   9.2210221e-01   1.3669080e+00   2.2093999e-01  -8.4290978e-01  -2.2933885e-01
   6.3274938e-01   1.0200679e+00   1.4814775e+00  -5.8154073e-01   1.3253393e+00  -1.8767748e+00   1.5945041e-01  -2.8460007e+00   1.1374839e+00  -5.7336950e-01
  -4.5612176e-02   5.1603863e-02  -3.3855714e-01   9.7634916e-01  -6.8836512e-01   9.8618519e-02   1.4385554e+00  -1.7888890e+00   2.2446681e-01   1.5642055e+00
  -8.8780209e-01   3.3033004e-01  -2.4397407e-01  -9.9285476e-01  -1.7978110e-01   8.6637521e-01   2.2996531e-01  -2.7035029e-01  -8.3324835e-01   2.1941082e-01
  -1.0251273e-01   5.8466325e-02   1.0684144e+00   1.0565077e+00   6.3213775e-01  -5.6211129e-01  -1.8879249e+00   1.0997404e+00   8.3288115e-01  -1.4029798e-01
   2.0606851e+00   2.1365904e-01   1.6074321e+00   1.8824809e+00  -7.5544185e-01   1.4830849e-01  -3.0908701e-01   5.5365738e-01  -2.2196796e-01   8.9881091e-01
  -1.5192819e+00   9.5512632e-01   1.2872997e+00   1.0663684e+00   3.4698909e-01  -1.0273201e+00   2.9179349e-01   9.9044670e-01  -4.9945417e-01  -1.4517421e+00
  -2.4007065e-01  -1.1387791e+00   1.5490027e-01  -2.0747132e-01   6.9104660e-01   1.0132676e+00  -2.3162942e+00  -5.6604944e-01   9.0260381e-01  -7.8874283e-01
  -9.9214231e-02   1.2000285e+00   9.0448494e-01  -7.5607318e-01  -8.6314313e-01  -2.1308898e+00  -7.0858219e-02   8.5239373e-01   2.9424351e-01   8.6042563e-02
   1.6864797e+00   5.9832207e-01   3.2315428e-01  -9.7886526e-01  -2.3830188e-01   5.8810973e-01  -3.2827100e-01  -4.0225615e-01  -3.8058562e-01  -5.0527962e-01
   6.0659487e-01   9.2572988e-01   1.5296994e-01  -6.6452090e-01  -6.6497661e-01  -5.7194877e-02  -2.5652083e-02  -5.6655843e-02  -1.5185072e+00   1.1790048e+00
  -4.8837271e-01  -5.8894464e-01   3.9182778e-01   7.9819397e-01  -2.0543679e+00  -1.5627289e+00   2.0296078e+00  -6.1878721e-01   9.2643286e-01   3.1112126e-01
  -3.7868750e-01  -5.0515825e-01   1.1436230e+00  -7.7823001e-01  -1.5124823e+00   9.8462503e-01   5.3355529e-01   1.5347907e+00   1.0555344e+00  -7.4086149e-01
   8.6961990e-01   6.3040621e-01  -9.3722117e-02  -3.2102881e-01   7.7482162e-01   6.2275612e-01  -2.0454953e-01  -1.2543637e-01   1.5871472e-01   3.8839422e-01
   1.7592835e+00   1.8622397e+00  -2.3006143e-01   4.1205002e-01   4.8280407e-01   1.9180165e+00  -2.2868265e-01   1.2193934e+00  -9.1622938e-02  -7.4252662e-01
  -8.3701932e-02   2.9778424e+00  -1.5389517e+00   4.3570311e-03   1.0901060e+00   7.9357651e-01  -4.6367654e-01   1.5561273e-01  -1.1134785e+00  -2.5057674e+00
   1.3520216e-01   2.6333914e-01  -4.0910854e-01   1.6910005e-01   6.1710825e-01  -4.4102329e-01   8.4947461e-01  -1.6302404e+00   7.3143179e-01  -3.4690585e-01
   2.7750655e-02  -1.3005433e-01  -8.8489106e-01   7.9793761e-01   5.8183716e-01  -1.0684581e+00  -7.9000828e-02   1.2342352e+00   5.3096922e-01   7.1156701e-01
   5.1866540e-01   3.5817861e-01  -5.9626856e-01   4.1341399e-01   3.9630051e-01  -2.8536068e-02  -8.4821508e-01   1.1578305e+00  -1.6557507e-01  -4.9557319e-01
   1.3269117e+00   6.4825860e-01  -8.2483059e-01  -2.0962623e+00   1.3927734e+00   1.0161575e+00   7.3372979e-01  -1.0082960e+00  -4.9656236e-01  -2.3046301e-01
   7.6150878e-01   4.0742093e-01   1.1334453e+00   2.8739113e-01   1.8421714e-01   1.1690786e-01   9.1183945e-01   1.1357513e+00   3.8606338e-01   3.6940913e-02
  -3.7443520e+00  -1.4346071e+00   2.9107167e-01   8.3747827e-01  -2.1428984e-01   7.9868941e-01  -1.4078281e+00  -2.2579870e+00  -2.5280045e-01   5.2479825e-01
   1.6924892e+00   4.8389024e-01  -8.5697671e-01  -1.1953227e-02   5.9602674e-01  -1.1758765e+00   8.6097369e-01   5.8836809e-01   2.3565527e-01   1.3341548e+00
  -5.5501083e-01  -2.2179137e+00  -4.2784822e-01  -5.3085892e-01  -1.1136059e+00   9.2329232e-01  -1.5028241e+00  -8.2493627e-01  -1.0223188e+00   5.6559036e-01
   9.3479184e-01   4.6436760e-02   1.9413316e-01  -2.4624649e-01  -1.0321379e-01  -1.7762998e-01  -3.4163076e-01  -1.9103100e-01   8.8799156e-01   2.8500469e-01
   7.8969223e-01  -1.1821133e+00   1.2302388e+00  -3.3361024e-01  -7.3288266e-01   1.8360661e+00  -1.0086978e+00  -1.4150400e-01   1.2566936e+00  -1.9159602e+00
  -1.2984481e-01  -5.1902317e-01   1.9159319e+00  -3.5946276e+00  -2.3371319e-01  -4.2007148e-01   2.0748663e+00   3.4692959e-01   6.9927205e-01   6.8125521e-01
  -8.1796631e-01  -1.1849767e+00  -2.2400707e-01   3.7588659e-01  -6.5163864e-01   8.6356636e-01  -2.2578675e-02   1.7350802e+00  -1.2859961e+00   2.7200648e-01
  -1.5196574e-01  -1.8177336e+00  -8.8059673e-01   1.0874368e-01  -4.6669619e-01   3.9795055e+00   1.0866335e+00   4.7053311e-01  -9.4899096e-01   2.8547496e-01
  -4.3714208e-01   7.3003360e-01   1.1748811e-01   1.9254350e-01   1.1669125e-01  -1.2775368e+00   4.8619462e-01   9.4302298e-01   3.3730319e-02   3.0332120e-01
  -9.2935762e-01  -9.6693234e-02   8.0171999e-01   2.6440364e+00  -1.9861968e+00   2.3957467e-02   1.6330418e+00  -1.6018649e+00  -1.2251241e-01  -1.4430007e+00
  -8.1043981e-01  -6.6015925e-01   5.8077418e-01  -6.4466177e-01   1.6190489e-01  -3.2320390e-01   1.1135169e+00  -8.9306322e-01   4.0958250e-01  -3.2169451e-01
   9.6125868e-01  -9.0429613e-01   4.7029289e-01   1.5552059e+00  -9.9584464e-01  -1.2314340e+00  -2.2192662e+00  -5.4745849e-01   2.5496085e+00  -4.8042569e-01
   7.1191447e-01  -4.2120388e-01  -5.0453891e-01   8.9813707e-01  -4.0703097e-01  -4.7050944e-01   4.3546333e-01   1.2272817e+00   4.6493324e-01   9.3673525e-01
   1.5970861e+00  -1.7624907e+00   2.0265759e+00   1.1473148e+00   7.2537805e-03  -2.3774200e-01   7.6627300e-01   4.1717014e-01   3.6263797e-01  -1.8577907e+00
  -9.3192096e-01  -4.6836509e-01  -7.0260937e-02  -3.9192283e-01   5.4879233e-01  -1.6509796e+00  -2.3522974e+00   7.4794729e-01   9.7437246e-01  -3.7076256e-01
  -3.2278688e-01   8.5998472e-01  -1.0226285e-01  -6.2713226e-01   1.1959726e+00   8.9759246e-01  -2.4637877e-02   8.3308924e-02  -1.5555460e+00  -7.2364902e-01
  -5.0502548e-01   2.1728583e-01   7.3606543e-01   6.8650698e-01   1.6450748e+00  -1.1030190e+00   1.3123863e-01  -4.1467086e-01  -1.4956656e+00  -2.3692726e-01
   5.1024316e-01  -1.2211799e+00  -1.4081626e+00  -2.0990462e+00   5.0423968e-03  -7.3412921e-01  -2.0732143e+00  -1.5263407e+00  -1.3501444e+00  -1.4096044e+00
   3.1748055e-01   3.7432704e-01  -2.6124378e-01  -1.4746707e+00  -1.7078667e-02   6.3756869e-01   7.9782340e-01  -2.6903362e-01   9.9397510e-01   6.5416373e-01
  -9.4769181e-01  -4.9623434e-01  -6.9187789e-02   2.4326594e-02   6.3942885e-01   4.5111866e-01  -2.9429437e-01  -1.9751458e-03   1.6746162e+00  -2.9748381e-01
  -2.5608746e-01   6.8998919e-01  -1.1370876e+00   1.0199054e+00   4.3704291e-01  -4.4268140e-01  -6.9319183e-01   5.0614761e-01   1.5205591e+00   1.1312850e+00
  -1.5437997e+00   2.8402180e-01  -1.6064027e+00  -8.1052262e-01  -1.3091669e+00   4.5044158e-01  -6.1631184e-01   8.0991051e-01   2.0109107e+00   2.6667968e+00
  -3.5617382e-01   8.3105598e-02  -3.9121504e-01   1.4100972e+00   7.3795007e-01   2.0685151e+00  -4.5726433e-03   2.6146885e-01  -1.2603866e+00   2.8151033e-01
  -9.8603489e-01   2.9539029e+00  -1.6752669e-01   4.6141107e-01   4.1546457e-01  -9.7214004e-01   5.2767814e-02   8.6561726e-02   1.6874626e-01  -1.5562761e+00
  -8.1420237e-01   3.8648435e-01  -1.0494321e+00   1.1135816e+00  -2.0025495e-01  -1.2660349e-02  -3.2931498e-01  -9.8149793e-01  -6.5400694e-01   1.4094301e-01
   6.2375649e-01   8.1487428e-01   2.8819803e-01   1.3038733e+00  -7.0289019e-01  -5.6096410e-01  -7.9526995e-01   1.7258023e+00   6.0491135e-01  -6.8736402e-01
  -4.5441528e-02  -3.3313927e-01  -1.2520070e+00  -1.7947992e+00  -1.4517362e+00  -4.4592302e-01  -5.5308802e-01   2.2663011e+00   1.0902520e+00  -7.4111940e-01
   2.3293028e-01   3.8483925e-01  -5.2839584e-01   1.3177274e+00  -1.0648608e+00  -8.4544999e-01  -1.4671246e+00   8.2706103e-01  -1.5165896e+00   1.9571927e-01
  -1.0389094e+00   2.4009846e+00   1.1905552e+00   8.3988648e-02   1.9785059e+00  -8.6252419e-01   8.1563018e-01   7.7913950e-03   1.8158362e+00  -6.6156086e-01
   8.3614437e-01   1.9200375e-01  -3.8353815e-01  -1.0945641e+00  -1.8982395e-01  -2.9394996e-01  -1.0224425e+00  -1.0368435e+00  -4.6136721e-01   2.1350395e-01
   8.8894961e-01   4.1180545e-01   4.0588964e-02   7.6965524e-01   8.3667397e-01   4.5484986e-01  -5.2935452e-02  -2.8751622e-01  -3.4279068e-01   5.4549782e-01
  -1.1023677e+00   1.0363333e+00  -5.5037202e-01   3.9225416e-01  -3.7664593e-01   1.1334341e+00   1.1603820e+00  -4.6170503e-01  -1.8301198e-01   9.0684590e-02
  -8.5139726e-01   4.8015508e-01  -8.9706278e-01  -4.0324854e-01  -1.6735273e+00   9.5009598e-04   2.4896317e+00  -1.2647647e+00  -1.3228265e+00  -3.5090849e-01
  -6.4069770e-01  -1.0769905e+00  -8.5168736e-01   1.2978792e+00  -9.6552919e-02   1.8050582e+00  -7.2772698e-02  -1.3462992e+00  -1.4602753e+00  -1.4989025e+00
   1.2042598e-01  -1.8322720e+00  -2.5752577e-02   1.9630360e-01   9.3745821e-02   2.7904569e-01   4.7280321e-01  -1.5213296e+00   2.6733508e-01   2.0625070e-01
  -5.0365222e-01   1.5318947e+00  -2.0007358e+00  -3.0005453e-01   1.5969942e+00   3.5026689e-01   8.7535400e-01  -1.3716616e+00  -1.6860523e+00  -8.7018350e-01
   4.5284684e-01  -5.5365872e-01   7.2276750e-01  -3.6693015e-01   1.5431187e+00  -1.3668896e+00  -3.8378457e-01   1.2424458e+00  -4.0577723e-01   4.1092378e-01
  -1.2228978e+00   3.2076855e+00  -1.7178318e+00   1.1823437e+00   6.0919162e-01   1.2739462e-01   2.0557948e+00   1.0635487e+00  -3.7322229e-01   1.7527083e+00
   9.5259044e-01  -9.3080094e-01   2.1847602e-01  -5.8736110e-01   9.8915059e-01  -8.7869674e-01   6.5946705e-01  -3.7235688e-01   9.2891179e-01   2.3302004e-01
   1.7063546e+00  -8.9353116e-01  -8.0953513e-01  -3.6694746e-01   8.4893162e-01   9.4860018e-01  -2.9649361e-01  -1.3854907e+00   8.0320890e-01   1.8546204e+00
   1.5167802e+00   1.3388757e+00   1.9101825e-01   7.4603198e-01   1.0095756e+00   1.1982566e+00  -5.6799814e-01   6.3982274e-01  -3.9061346e-02  -2.6538626e+00
   1.8681171e+00   2.7648178e-01   5.7696389e-01   9.7744224e-01   8.3477365e-01   4.1805449e-01   1.5702198e+00  -1.0456410e+00   3.2740488e-01   1.0049540e-01
  -7.0919158e-01   1.1718547e+00   1.1446065e+00  -5.0313422e-01  -1.0002722e-01  -1.3132358e+00  -4.7046971e-01  -7.2872746e-01  -1.1203527e+00  -1.5109463e-01
   2.3550247e-01  -7.2984418e-01   2.6010562e-03   2.5328084e+00   1.1152719e+00   2.0973475e+00   3.3090388e-01  -1.5518426e+00  -9.2870041e-01  -3.5998524e-02
   2.0282951e-01  -2.1369850e-01  -1.4888941e-01  -6.1443693e-01  -3.4108155e-01  -6.1862869e-01   1.4239528e+00   9.2594020e-01  -1.0118397e+00  -1.3778325e+00
  -2.7965285e+00   4.3843326e-02   2.3966180e+00   4.1864021e-01   5.8630370e-01  -7.1178308e-01  -2.3021863e+00  -6.2390066e-01  -1.1019236e+00   5.5787700e-01
   8.6759596e-02  -1.1702895e+00   7.4267094e-01   8.1084368e-01  -1.6678115e+00   1.7278853e+00   9.1256314e-01  -1.6714089e+00  -9.8318373e-01   4.5784909e-01
   1.5127136e-01   8.0150189e-01  -8.7204168e-01  -6.5041570e-01   1.0164174e+00   1.2360860e-01  -3.5673076e-01  -3.6982548e-01  -3.3645254e-01   6.1339145e-01
   8.7996527e-02   1.4863973e-01  -1.0216028e+00   1.4393972e+00  -5.2651407e-01   9.3143783e-01   5.9970884e-01  -4.8582843e-01  -5.1020849e-01   1.3878828e+00
  -4.4921789e-01  -1.0879336e-01  -4.5178178e-01  -6.1491150e-01   1.0537424e+00   1.2197664e+00   4.1128286e-01   7.0480287e-01  -1.0992783e-01  -4.3773233e-01
  -2.5902690e-01   2.3184868e-01   5.3516163e-01   1.8190369e+00  -5.9336453e-02   7.5450859e-01  -1.3387359e+00   1.0148132e+00   5.4486152e-01   8.3360217e-01
  -1.8398565e+00   9.4795858e-01   1.9992012e+00   1.7046321e-02   8.9841411e-01   2.2204880e-01   6.6583500e-01   1.2091172e+00   1.2983833e-01  -7.7812439e-01
   1.8939777e+00  -4.6526439e-01  -4.8745403e-01   1.1729605e+00  -6.7552474e-01   1.7901162e-01  -1.0959867e+00   1.0691789e+00   1.2105287e+00  -1.0888061e+00
   8.9515732e-01   1.4235098e+00  -3.7449634e-01   1.8997935e+00   1.0677098e+00  -9.1818661e-01   4.1400986e-01  -6.5631029e-01  -6.8649793e-01  -5.1854182e-01
   1.1103430e+00   1.5868229e-01  -3.2955447e-01  -2.9478371e+00  -1.1118451e-01  -2.3256883e-01   1.7764691e+00  -8.7676724e-01   4.0512045e-01   1.5953216e+00
  -6.9190841e-01  -2.3811116e+00   2.3975856e+00  -5.4291046e-01  -1.3716778e+00   9.9793450e-01   1.7493480e+00  -7.3726866e-01   1.1796250e+00   1.5048327e+00
   6.3105898e-01  -6.1555976e-01   3.3822080e-01   8.6542046e-01  -1.3442640e+00  -5.1410957e-01  -1.0406580e+00  -1.4951488e+00   2.2719031e+00   1.2512481e+00
  -9.5521858e-01   2.4208310e-01   5.5330693e-01  -8.3125110e-01  -9.5811286e-01  -1.3243703e+00  -6.9805770e-01   1.8667050e-01   2.6139112e-01  -1.0151694e+00
   1.3318171e-01  -5.0212696e-01  -1.0432459e+00   7.9592929e-01  -5.1185696e-01  -6.7870430e-01   1.4719258e+00  -4.3223063e-01   6.9797230e-02   2.4860212e-01
  -1.5910365e+00   5.8612452e-01  -2.0348446e-01  -4.8656793e-01  -1.3486728e+00  -1.6536716e+00   1.0760716e+00   5.9032294e-01  -1.6694298e-01   2.0717969e-01
  -3.0860148e+00  -4.0280097e-01  -2.4870886e+00   1.1209073e-01  -1.8249593e+00  -5.1413652e-01   5.4574061e-01  -7.3202511e-01  -1.4520446e+00   3.4573484e-01
   1.2346259e-02   1.0384848e+00  -2.0487492e-01  -1.0170004e+00   3.5430923e-01   3.6381326e-01   5.7155741e-01   5.9293641e-03  -9.1195205e-02   1.0094512e+00
   3.5645300e-01   3.7677309e-01   4.0176572e-01   2.0339658e+00   3.5066290e-01   1.8194270e-01  -3.8377507e-01   1.5013491e+00   8.1343995e-01   1.4432914e+00
   1.2169466e+00  -3.4141904e-01   7.0856884e-01  -2.4843982e-01  -2.3484016e-01   1.5863070e+00   4.7561360e-01  -1.2409146e+00   4.8395879e-01   1.4851602e-01
   1.7036618e+00   1.6721268e-01   1.3652556e-01  -1.9162926e+00   1.1809631e-01   2.7137915e+00  -4.8172798e-01   1.6180435e+00  -6.1695123e-01  -2.0681888e+00
   4.4740965e-01  -5.0293548e-01  -2.7372063e+00  -4.6791806e-01  -9.0559951e-01  -4.6411271e-01   4.4884985e-01  -2.6671449e-02   1.1523766e+00  -1.5283105e+00
   5.7746812e-01   1.4730856e-01  -3.4384630e-01  -5.4016308e-01  -5.7684767e-01  -8.6751296e-01   1.5007494e-01   3.1591130e-01   6.0088182e-01   1.2543162e+00
   8.8587148e-01   1.1335909e+00   5.9540469e-02   4.3858092e-01   1.6650116e+00  -4.2020013e-01   7.9085110e-01   1.7013985e-01  -7.3926329e-01   2.6229414e-01
   2.3284188e-01  -1.0748492e+00   8.0301229e-01  -9.1625969e-02   5.9299145e-01  -6.9436013e-01   7.2498552e-02  -1.4650337e-01  -4.9011594e-01   2.1984900e+00
  -7.3989293e-01  -1.6206130e+00  -1.7248845e+00  -1.0171609e+00  -1.2831104e+00   6.3554445e-02  -5.7293873e-01   1.2368532e+00  -1.1072641e+00   6.2499110e-01
   3.2113269e-01   1.6703089e+00   4.9940865e-01  -1.1558987e+00  -3.0782237e-01   3.8111980e-01  -8.7838538e-01  -5.6341482e-01  -9.0501944e-02   1.0440568e+00
  -5.2935277e-01  -6.5357969e-01  -8.5806393e-01   3.6116325e-01  -8.3418705e-01   7.9469482e-01   3.4857461e-01  -1.3260621e+00   1.2652087e-01   1.2738256e+00
   1.5889391e+00   1.7148621e+00  -3.5754711e-01  -2.7930891e+00   1.0152879e+00  -3.1371845e-01   8.1007064e-01  -1.3158734e-01  -9.1782568e-01   9.2420530e-02
  -3.5594995e-01  -4.3223848e-01  -7.5602077e-01  -2.8950021e-01  -8.3109979e-01   6.3413416e-01  -1.0431628e+00  -1.3534884e+00  -2.5111708e-01   2.2412564e-01
   1.1620810e+00  -9.9633692e-01   5.5741271e-01   1.3950067e+00   2.1459508e-02  -2.1046042e-01  -3.6187334e-01  -1.2977554e+00   5.0058151e-01  -1.6617222e+00
   2.4615415e+00  -1.2967101e+00   1.1323211e+00   2.7327479e-01   1.5785690e+00  -8.2418551e-01  -1.0267874e+00   1.7366251e+00  -1.5081978e+00   8.5979147e-01
  -9.6395813e-01   1.0691633e+00  -1.2922158e+00   1.0290397e+00   1.0082309e+00  -1.1401801e+00  -5.1651171e-01   1.4449811e+00   3.0746808e-03  -1.9772042e+00
  -7.4544025e-01  -8.1607060e-01   1.8659236e-01  -2.2062469e-01  -3.3726224e-01   1.2943903e+00   2.3464441e-01  -7.9323501e-01  -3.8970234e-01  -1.4422033e-01
   1.2841578e-01  -3.6127829e-01   5.0839479e-01  -2.3271555e-01   9.8650915e-01   1.4954543e+00   6.3694010e-01   1.4146164e+00  -4.6566818e-01  -1.4905191e+00
  -6.2876028e-01   5.4680516e-01   1.2100553e+00   5.1339141e-01  -4.4708606e-01   3.6524850e-01   6.3472397e-01  -2.9086872e-01  -7.5628419e-01  -2.0327677e+00
   2.7441415e-01   5.9894414e-01   4.2314048e-01   1.8070541e+00  -5.6920821e-01  -9.3614534e-02  -4.9994915e-01  -1.1407242e+00   1.6586288e+00  -3.7931137e-03
   9.5470681e-01  -6.3866568e-01  -5.5582278e-01  -1.1554332e+00   6.9752030e-02   8.1549901e-01  -1.9043454e+00   6.5145955e-01  -1.5453582e+00  -3.1564008e-01
   1.2714403e+00  -1.7578686e-01  -5.4056799e-01   1.1342943e+00  -5.0518948e-01  -3.2098023e-01   4.6318082e-01  -1.0808265e+00  -3.4477424e-01   1.8527256e-01
  -4.9426106e-02   2.4976537e+00  -1.0598328e+00  -2.7415000e-01  -5.4071703e-02  -4.3708816e-01  -1.1757887e-01   4.5172608e-01  -3.6226347e-01  -4.6098325e-01
   1.6473890e+00  -1.3135839e+00  -8.3172235e-01   1.0769087e+00  -1.7982585e+00  -8.0829098e-01   1.5502471e+00   1.4766084e+00  -8.1851094e-01  -5.9127107e-01
   2.1373070e+00   1.4044979e+00  -3.8846224e-01   1.1366927e+00   1.4124768e+00   6.7230453e-01  -5.8782782e-01   8.4476816e-01   7.4172696e-01   6.7237112e-01
   1.3970957e+00  -1.1362295e-01   3.2414170e-01   7.8526732e-02   1.6999603e+00   1.8123461e+00  -1.2110700e+00   3.0174050e-01  -9.3566373e-01   1.7154256e-01
  -1.1132136e+00   2.7298578e-01  -6.3110865e-01  -8.5625274e-01   2.0747454e+00   9.0823773e-01  -2.4442243e-01  -2.3684397e+00   4.2754230e-01   2.8266873e-01
  -1.6217112e-01   1.0642114e+00   9.7325598e-01  -2.8293582e+00  -8.6937323e-01  -4.3175960e-01   1.5738356e-01   1.3693597e+00  -4.9986689e-01   2.0084216e+00
   1.1437090e+00  -1.2660270e+00  -1.6960559e-02  -9.4397673e-03   9.8646992e-01   9.7404530e-01  -6.3632450e-01   2.6002945e+00   8.0788782e-01   7.0070467e-01
  -7.1700658e-01  -9.7275346e-02  -8.6269136e-02  -2.3963297e-01   3.9728766e-01  -5.8489117e-01  -3.6066705e-01  -5.4053589e-01  -8.7849345e-02   2.0634198e-01
  -3.5606733e-01  -2.8058281e-01  -1.1329349e+00  -1.3323416e+00  -1.0742054e+00   6.8443538e-01   1.0151909e+00   2.0725377e+00   3.7218327e-01  -4.1157753e-01
  -2.5630563e-01  -4.4846677e-01  -2.3273776e+00  -6.3392259e-02  -5.5412522e-01   5.5667340e-01   6.1899756e-01   2.1777810e-01   1.1657148e+00   6.7182705e-01
   1.6348172e+00  -9.9657782e-01   5.4030276e-01   1.9762731e-01   6.0894903e-01   7.9113641e-01   5.7900604e-01  -1.6289288e+00   4.3513409e-01  -9.5878617e-01
  -3.9142164e-01   6.6017516e-01  -4.2485843e-01   7.6632949e-01  -2.0245493e+00   9.9396074e-01  -2.3056256e-01   1.7523066e+00   6.9456088e-01   5.9277189e-01
  -9.6435949e-01  -2.1592875e+00   7.6117037e-01  -1.4824313e-01   9.3269160e-01   1.5702461e+00   1.8367737e+00  -1.3061429e-01  -1.4740933e+00  -1.1798121e-01
   4.1010525e-01  -3.0942972e-01   8.9362511e-01  -6.5812378e-01   2.0271306e-01  -9.1436584e-01   8.2234912e-01   4.5727923e-01   3.0607111e-01   4.9848590e-01
  -7.8847600e-01   1.1477205e-01   2.1806290e+00   8.1255251e-03  -6.0038371e-01   2.7320344e+00   2.9805800e+00   4.3016803e-01  -1.1332822e+00  -3.7318119e-01
   7.6869041e-01  -3.1022228e-02   3.3089912e-01  -5.0873006e-01  -2.2265666e+00   7.7417996e-01   6.9282403e-01  -5.5004544e-02   6.1700448e-01   2.5999947e+00
   8.6172417e-01  -1.2154169e-02   1.3781779e+00   2.2476103e+00   4.1641009e-01  -1.1865573e+00   1.5610483e+00  -1.6444970e+00   4.4357545e-01   1.9230358e-01
   7.8863376e-01   6.4976108e-01   1.5591164e+00  -4.0151348e-01   1.2707521e+00  -5.0647688e-01   8.6952476e-01  -1.9478561e-02   4.7681780e-01  -4.2713015e-01
  -1.4652432e+00  -1.0720787e+00   7.8664585e-01   1.4210480e-01   1.0970539e+00  -1.5483062e+00   1.6068768e+00   1.9732419e-01  -4.8406053e-01   2.1258460e+00
  -4.5045603e-01   1.1649931e+00  -1.0303137e+00   1.9367375e+00   9.4109368e-01   1.2281159e-01   1.4728167e+00  -3.2402383e-01  -3.1163152e-01  -7.6806444e-02
   8.6222142e-01  -3.2960594e-01   7.7958595e-01   1.3021281e+00   2.4565080e-01   1.2907495e+00   1.8852320e+00   6.8996871e-01   1.6828455e-01   1.1889602e+00
  -1.5673363e+00  -1.7621742e+00  -1.1317421e+00   6.2017210e-01  -9.4490963e-01   7.9980844e-01   1.4213266e+00  -8.5379970e-01   1.3853809e+00  -1.3936087e+00
   3.3168222e-01   2.9201514e-01   4.6772551e-01   8.0587927e-01  -4.4258975e-01  -1.2463332e+00  -3.4401937e-01  -1.1163331e+00  -3.5371862e-01   5.1349429e-01
  -6.3131450e-01  -1.7692105e-01   3.3885605e-01   3.8994565e-01   3.4692574e-01   6.7555761e-01  -1.7636640e-01   6.9187647e-01  -1.3377521e-01   1.7442251e+00
  -4.2115462e-01  -5.1860352e-01   4.8949296e-01  -2.9686726e-01  -7.1842999e-01   6.1975960e-02   1.6811938e+00  -1.9214103e+00  -9.4427991e-01   2.1423481e+00
  -1.7529117e+00  -4.4244436e-02  -2.2060630e+00   6.6562937e-01  -9.4963720e-01   7.3761222e-01   6.4558673e-01  -1.0192891e-01  -1.0936908e-01  -2.0891504e+00
   9.6363167e-01   2.4577675e+00   6.3670348e-01   6.1890905e-01   1.1364551e+00  -9.6551443e-01  -3.0557881e-01   1.0586357e+00  -1.5277089e+00  -4.3753051e-01
  -6.1436204e-01  -7.2425708e-01  -8.8788664e-01   4.4613741e-01  -9.5302031e-01   1.0030190e-01  -2.6236319e+00  -6.4719781e-01   5.3131912e-01  -6.0819296e-01
  -4.7018815e-01   4.5641118e-01   6.2183774e-01  -3.8545088e-01  -1.3878086e+00   1.4527141e+00   7.9784246e-01   1.9553135e+00   7.6161184e-02  -7.9620049e-01
  -1.1335597e-01  -5.8367755e-01  -1.6262965e+00  -1.1732095e+00  -3.5384289e-01   6.9200975e-01   7.4769274e-01  -2.1493610e+00   6.1383075e-01  -6.9814518e-02
  -1.2564837e+00   1.7962051e+00   6.7626387e-01   8.8306264e-01  -8.1255673e-01   6.0110522e-01  -1.3554446e-01   3.3262002e-02   4.0085780e-01   1.3670317e+00
   1.1084507e+00  -3.2120387e-01  -1.9135806e-01   2.3949808e+00   3.8345045e-02  -2.0531279e-01   5.5537750e-01   7.1981639e-01   4.0920215e-01   7.9954256e-01
   3.9024071e-01  -6.7360819e-01  -7.4640232e-01   1.4540911e+00   1.2515129e+00   6.1930018e-01  -4.6795055e-01  -2.1436232e+00  -4.6234043e-01  -3.6784863e-01
   3.3055171e-01  -2.0077610e+00  -5.5088533e-02  -1.5867605e+00   2.8542016e-02  -9.2234563e-01   7.0109064e-01   9.2828239e-02  -8.1891762e-01  -1.9428479e+00
   2.4287949e-01   1.7231411e+00  -4.6255851e-01   1.2815787e+00  -5.5666971e-01   3.9362416e-01   2.5223224e-01   1.0759158e+00  -6.2009673e-01  -1.9731870e-02
  -2.7618524e+00  -1.1384796e+00  -1.1209294e+00   2.9302722e+00   1.4748355e+00  -1.0248735e+00   5.3108459e-02  -6.4967050e-02  -6.2781779e-02   4.8307038e-01
   3.4220072e-01  -1.6022670e-01  -6.4680131e-01   6.4353034e-01  -4.5677942e-01  -8.3730248e-01  -4.1754283e-02  -2.7539840e-02  -2.5791204e-01   1.6554597e+00
  -7.6403260e-01  -1.2231605e+00  -1.9717355e+00   8.4471350e-03  -3.0343085e-01  -3.2671352e-01   1.0613201e-01   1.8959534e-01  -1.4732050e+00  -4.7912075e-01
  -1.2142248e+00  -4.1356734e-01   6.9291991e-02   1.1770162e+00  -1.5703740e-01  -1.1680749e+00   1.0449908e+00   6.3230861e-02  -6.1357885e-01   1.5564583e-01
  -1.3251386e+00   2.3892745e-01  -2.1117955e-01   1.0758866e-01  -7.2625051e-01  -3.5223369e-01  -8.4879676e-02   1.7569794e-02   1.0778502e+00  -2.8187840e-01
   3.2036121e-01  -8.0741868e-01  -6.2454395e-01  -1.1600919e+00  -1.4944837e+00  -1.7491029e+00   7.2939163e-01   8.2178595e-01  -5.1597024e-01   3.4962267e-01
  -5.4507346e-01  -3.9317300e-01   5.0007688e-01   1.9660111e+00   3.1574055e-01   4.6598256e-01  -1.7341296e-01  -9.1040588e-02  -3.4685830e-01   1.0901682e+00
  -3.5098424e-01  -1.3697441e+00  -1.1091333e+00   5.7144169e-01  -9.6809548e-02  -1.6945245e+00  -8.1948148e-01  -2.1901838e-01  -1.2369386e+00  -3.7723156e-01
  -2.2002188e-01   2.4968725e-01  -6.5724466e-01   1.3903703e+00  -1.8474177e-02   1.1828922e+00   5.8381361e-01   2.3837020e-01   1.2213977e+00  -5.3720467e-01
   4.1165072e-01  -7.1512638e-01  -9.4391290e-01  -6.6294922e-01  -1.1702994e+00   6.9740771e-01   5.1210622e-01   5.6138280e-01  -6.3201519e-02   1.4238650e-01
   8.1247243e-01   3.4882712e-02  -2.9097957e-01  -7.7720827e-01   1.9168583e+00  -8.7660363e-01   3.7906152e-01   3.8167918e-01  -3.3813225e-01   2.3220579e-01
  -9.4104577e-01  -7.2255098e-01  -2.9799478e-01   1.9226098e-01   8.0402509e-01  -1.7698155e+00   6.2402046e-01   9.1052633e-01  -8.1809907e-01   2.5904348e-01
  -3.3536194e-01  -2.1162206e+00   1.6706863e+00   4.6343462e-01  -8.3810812e-01  -7.9016005e-01  -7.7583104e-01   3.9536060e-01   2.1195875e-01  -1.6878096e+00
   9.3535679e-01  -2.0183620e+00   5.9964734e-01  -6.0810344e-01  -8.6342901e-01  -2.0385856e-01  -1.1263656e+00  -1.5582643e+00   7.2034658e-01  -5.7593529e-01
