  -1.4016192e+00  -1.8225187e-01   2.4991246e-01   9.8410082e-01   4.6560864e-01  -1.4118402e+00   4.2686714e-01   8.6418228e-01  -2.0271338e+00   6.7545959e-01
   1.0060812e+00  -1.2295897e+00   1.1225430e+00  -2.1662305e-01  -6.5293794e-01  -1.2422595e+00   2.7321635e-02   9.0828947e-01  -1.4235365e-02   3.4254592e-01
   8.6605290e-01  -3.3214042e-01  -2.1267386e+00  -9.0063976e-01   5.7976257e-01  -1.2425597e-01  -1.2042887e+00  -8.4590530e-01   3.4345730e-01  -2.1631300e+00
   8.6261479e-01  -1.6345840e+00  -1.6090953e+00  -2.2688893e-01   1.5230795e-01   1.5873386e-01   1.6306030e+00  -9.7446829e-01  -1.4444383e+00   1.6575195e+00
   9.5385605e-01  -9.3596212e-01  -2.1149200e-01  -7.4160211e-01   1.9343276e+00  -1.4271690e+00  -9.0234583e-03   1.8424837e-01   9.1939468e-01  -9.1555410e-01
  -7.9661707e-01   6.8419495e-01  -4.1849142e-01  -7.0895339e-02   7.7152790e-02   2.1718586e+00   1.1117197e+00   8.4283678e-01  -5.7196818e-01   1.8236173e-02
  -1.0793163e+00  -1.0912394e+00   1.2997750e-01   5.0837728e-01  -1.8306027e-01   1.4175181e-01   3.8992433e-01  -2.9664017e-01  -2.0122026e+00   2.3105344e+00
   3.3324800e-01   4.4937165e-02   8.4828261e-01   6.7309767e-01  -1.0152513e-01  -7.9338010e-01   1.4046103e-01  -4.9751560e-01   8.8993695e-01   2.0417436e+00
   1.6321126e+00   8.1961886e-01  -9.9528170e-02  -4.6753263e-01  -7.1103488e-01  -1.0421216e+00   7.4803748e-01   4.9860640e-01  -1.0422438e+00  -1.2322764e-01
   3.7427319e-01  -5.0443522e-01  -9.0514950e-01  -5.9415441e-01  -1.2394773e-01   1.4244796e+00   2.8418912e-01  -7.6726459e-01  -4.8127667e-01   3.3679981e-01
   1.4655366e+00   5.5991861e-01   1.1293004e+00   1.5657530e+00   2.5069127e-02  -3.0563227e-01  -8.4450308e-01  -2.0416430e+00  -3.7875072e-02   8.7308342e-01
   6.3985183e-03   1.4112243e+00   2.1610775e-01   5.3684824e-01  -4.1452791e-02   1.8935654e-01  -5.5656970e-01   7.1032099e-01   4.3332759e-01   1.3116568e+00
  -9.2718399e-01   9.8822669e-01  -1.1975717e+00   7.9859038e-01  -9.2058746e-01   7.7071469e-01  -7.6081707e-01  -4.0959619e-01   5.5204507e-02  -1.7646509e-01
   1.0527451e+00   4.9846721e-01   7.6463993e-01  -3.6613780e-01  -6.3752656e-01   2.4881181e-01   1.6713071e+00   1.1592391e+00  -5.6303930e-01   1.9009029e+00
  -5.8761611e-01  -3.1475859e-01   1.2814639e+00   8.4566063e-02   7.6608599e-01  -1.1742462e+00  -9.0046761e-01   3.3713554e-01  -2.3224476e-01   8.0034204e-01
  -1.4166945e+00  -1.1223873e-01   6.4058808e-01  -1.3781008e-01   1.4922481e-01  -1.1745321e+00  -1.0796653e+00  -1.4677914e+00  -8.0222104e-01  -1.0341190e+00
   3.7393928e-01  -8.6369117e-01  -8.5055603e-01  -2.0627252e-03   1.4043845e-01  -1.5142345e+00  -4.7650785e-01   1.0905730e-01   7.7736852e-01   8.1853422e-01
  -2.3056657e+00   6.9473420e-01  -2.1455230e-01   5.7807885e-01   9.2248177e-01   1.2582771e+00  -1.9129911e+00   3.0542366e-01   2.3677601e+00  -5.5474998e-01
   9.8565087e-01  -1.7286715e+00  -1.4731935e+00   1.7123346e-02  -6.8797572e-01  -4.4214019e-01  -9.6652133e-01  -6.3263982e-01  -9.0445519e-01  -2.6485344e-01
  -6.1627507e-01   3.0728366e-01   2.0902904e-01   2.2404006e-01   4.2313485e-01   6.3013876e-01  -9.0608755e-01   7.5667215e-01  -2.0096761e+00   5.3672170e-01
  -1.2904048e+00   2.9488040e-01  -5.7185229e-01  -1.3512529e+00  -9.2992291e-01   5.8617378e-01   1.4674872e-01  -4.7703723e-01   1.5183223e-01   5.8271843e-01
   1.4621315e+00  -5.1174638e-01  -1.0567281e+00   2.7468693e-01   1.1339946e-01   7.4342109e-01   1.6838049e+00  -1.0575847e-01  -2.4510799e-01   2.3660916e-02
  -2.2822813e-02  -3.4115164e-01  -1.0846684e+00   6.4266672e-01   3.4487411e-01   4.6876983e-01   1.8691539e-02  -1.9913405e+00   5.8141770e-02   2.1123317e+00
   1.9612346e+00  -2.1942576e+00  -1.3135705e+00   1.2283748e+00  -3.0530379e-01   3.2900483e-01  -1.7253994e-01   1.2403142e+00  -3.9513029e-02   4.2982047e-01
  -1.7360689e+00   1.0190777e+00  -9.6068251e-01   7.5250315e-01   1.3867009e+00  -9.3621731e-02  -9.1213275e-01  -1.8590193e+00  -5.4773329e-01   4.9635972e-01
   8.1738773e-01   9.2073171e-01   9.1993050e-01  -5.2759463e-01   1.1557400e+00   8.0667263e-01   1.6822411e+00  -2.8202789e-01  -1.8424883e-02   1.8266629e+00
  -1.2764334e+00   1.7115454e+00   1.1149596e+00   1.0221723e+00  -1.4897744e+00   4.6365975e-02   1.9548763e-01  -2.9455873e-01  -4.0218628e-01   3.7025378e-01
  -1.5841091e+00   1.4720910e-01  -6.6568232e-01   1.0957325e+00   1.1491872e+00  -1.7742154e+00  -1.4923423e+00  -1.8024314e+00  -2.5829060e+00  -1.6297255e+00
  -6.2711940e-01  -1.7107181e-02   5.3757132e-02   3.0994734e-01   1.1018280e-01  -1.2467178e+00   6.2758121e-01  -6.3086911e-01   9.8590107e-01   2.1298558e+00
   1.6036294e+00   2.1133170e+00  -1.0206686e+00   8.1896589e-01   4.2946167e-01   5.0771831e-01  -3.7770614e-02   2.4189419e+00  -7.2900437e-01  -3.4537551e-01
  -2.2060176e-01  -6.7175114e-02  -4.2337818e-01   1.3554363e+00  -9.0585502e-01   7.5386318e-01  -1.5031579e+00  -6.3376342e-01   5.3695654e-01  -1.9394338e-01
  -4.8190088e-02   6.3206752e-01  -1.2233722e+00   8.2020083e-01  -1.1045133e-01  -1.6488733e+00   7.5600936e-01  -7.4548210e-01   8.1650294e-01   5.5834836e-01
   2.4869063e+00  -1.2631924e+00  -9.8644146e-01  -1.6862796e-01   4.3377670e-02   1.6178949e-01  -9.4538222e-01  -7.3011722e-01  -2.7840391e+00  -1.3934330e+00
   5.2059488e-01   2.5661970e-01   1.5860069e+00  -2.0826600e-01   9.1662747e-02  -8.5841531e-01   2.0900087e+00  -1.9532597e-01   5.5964562e-02  -1.1777656e+00
   1.6617576e-01   5.5709084e-01   4.7296272e-01  -1.4078409e-01   6.6272918e-02  -7.4453528e-02   7.9685708e-01   7.7172648e-01   7.7103036e-01   1.8752912e+00
  -6.4410411e-01  -6.9563780e-01  -9.8925904e-01  -2.5469884e-01   4.5991425e-01  -1.0553215e+00  -4.3265260e-01   9.5642853e-02   9.2356925e-01   7.5628410e-01
   1.7403226e+00  -8.6901640e-01   1.4792901e+00  -8.5681205e-01   1.5059921e+00  -6.0464141e-01  -9.2861439e-01   6.7144838e-01  -2.4840683e-01  -5.7954035e-01
  -2.5754087e-01  -6.5060768e-01   9.7488039e-01  -6.3378854e-01   9.8740139e-01   7.4206086e-01  -1.1410379e+00   6.3247683e-01  -1.2768493e+00  -1.3245061e-01
   1.4770299e-02  -1.3222529e+00  -1.2797165e-01  -1.4296432e+00  -5.4020569e-01   2.4033922e-01   9.2172090e-01   5.9358559e-01   7.9724414e-01   1.4167142e+00
  -1.7888365e-01  -3.3841974e-01  -3.3163020e-01   1.2128755e+00  -1.8348064e+00  -6.9524498e-01  -5.5197980e-01   2.2442953e-01  -6.5729685e-01   5.4251368e-01
  -3.3062291e-01   8.2806490e-01   2.4813090e+00  -1.3167944e+00  -1.8734791e+00  -8.0269926e-01  -8.7084585e-01  -7.9626266e-01   5.1902216e-01  -2.8162359e-01
  -2.4379270e-01   3.4164278e-01  -1.5631102e+00  -1.8342540e-01  -9.2368810e-02  -1.2101425e+00   6.8482972e-01  -5.5181307e-01   1.4187695e+00  -1.2580044e-01
  -6.6934536e-01   1.4768297e-01  -7.1974293e-01   5.0553164e-01  -2.9449897e-01  -8.9779835e-01   1.8049765e-01   1.0691349e+00  -3.2612534e-01   1.0451695e+00
   5.5319756e-01   9.0590735e-01  -1.6297734e+00   1.0225536e-01  -1.5567347e+00  -5.5206435e-01  -1.1782486e+00  -4.8916294e-01   8.4600666e-01  -1.1886725e+00
   7.6667914e-01   1.2265309e+00  -1.0132734e+00  -4.1481756e-01   4.7868629e-01   1.3312417e+00  -1.4833922e+00  -5.0392393e-01   1.7479397e+00  -7.2144006e-01
  -5.2860349e-01   6.9807253e-01   4.8160791e-01   7.5350050e-01  -2.9717241e-02  -1.0276967e+00   5.7207387e-02  -4.4986520e-03  -8.5865211e-01  -1.4738020e+00
  -2.6349072e-01  -1.0236919e+00  -1.2416118e+00   1.2236411e+00  -2.7943283e-01  -6.8881401e-01   1.7585921e+00  -1.0155255e-01   1.6551725e+00   2.1063215e+00
  -1.5462738e-01  -6.6815237e-01  -6.1310089e-01  -6.6519582e-02   9.6437977e-02   1.6706756e+00   1.1746172e+00  -1.0767368e+00   2.1079174e+00   3.0577913e-01
   1.9199720e+00  -1.0645092e+00   1.0150713e+00  -4.2309090e-01  -6.6114847e-01   4.9528155e-01  -2.5521502e-01  -3.4564111e-01  -1.3640722e+00   1.3801143e+00
  -2.3015162e+00  -4.2221905e-01   1.9208090e+00  -8.0779832e-01   1.2437714e+00   1.4131620e+00   1.2502354e+00   1.2799024e+00   4.8950216e-01  -1.7037610e+00
   1.3340459e+00   5.8893268e-01   4.4430993e-01   1.1031558e+00  -1.5186397e+00  -2.1065043e-02   1.7192554e-01  -9.4593318e-01   1.9769820e-01  -1.6591925e-01
  -1.5008073e+00   1.6683873e+00   1.2559817e+00   1.5468756e+00   5.9836276e-01   1.2298357e+00   2.1917913e+00   8.6413414e-01   6.0367520e-01   3.1039813e-01
   1.5485473e-01   9.4804741e-01   4.9945684e-01  -5.7556333e-01  -2.0458205e+00   5.2109204e-01  -2.6405743e-01   8.1006594e-01  -1.5529823e-01  -5.8120907e-01
  -1.1350951e-01   1.1691995e+00   5.4648574e-01  -1.0637650e+00   6.8948260e-01  -7.9065060e-01   1.2585667e+00  -6.5793271e-01   4.8720715e-01  -4.5383325e-01
   7.2625830e-01  -4.6464650e-01  -5.9374958e-01  -1.6941778e+00   2.5446321e+00  -1.4522557e+00   5.2396622e-01  -9.6997325e-01   2.7422231e-01   6.7026892e-01
   3.0457703e-01   4.9731901e-01  -2.0372822e-01   1.2679486e+00  -9.5234598e-02  -4.8421263e-01   2.2493335e+00   1.2195355e-01  -7.2526276e-01  -6.5433534e-01
  -2.0815140e+00   2.2446885e+00  -6.9379915e-01   5.1410547e-01  -7.3401193e-01  -2.0788601e+00   1.6867052e-01   1.0881653e+00   2.0494816e+00   1.0624691e+00
   1.0039413e+00  -3.3968264e-01  -1.9409694e+00   1.3466123e+00   8.8954862e-01   6.4506046e-01  -1.0991292e-01  -7.4068047e-01   2.3405587e-01   6.2603119e-01
  -2.6466776e-01   2.8250541e+00   1.4050122e+00   3.9233672e-01  -5.7051140e-01  -1.7002603e+00   9.7267833e-01  -2.0687765e-01   1.6440691e+00  -2.3258702e-01
  -1.3068240e+00   1.1003728e+00   8.4128576e-01  -1.3657030e-01   4.7362073e-01  -5.0929491e-01   1.2625419e+00   9.1613678e-01  -7.0059889e-01  -1.5164547e+00
  -5.8547047e-01   9.0726163e-01   1.7295141e-01   5.3095917e-01   1.6848412e+00  -7.8954928e-01  -2.1768989e-01  -4.6111284e-01  -4.6778215e-01   7.1596491e-01
  -4.7134408e+00   2.1783242e-01   2.9543915e-01   1.7908374e+00  -7.3830462e-01   5.7345027e-01  -5.7246002e-01  -7.4748824e-01   1.1666472e+00   9.8851184e-01
  -5.4482893e-01   8.2567906e-02   3.5965979e-01   6.5168771e-01  -6.4910103e-01   1.3752259e+00  -1.8533550e+00   8.3370037e-02   1.5904508e+00   1.2968869e+00
   2.7225519e+00   5.9807273e-01  -3.4238904e-01   8.2384184e-01   5.5994960e-01   1.1465244e+00  -8.2441650e-01   1.0040148e+00   2.2406785e+00  -6.0007629e-01
   5.1390847e-01   5.6706082e-01  -1.8958393e-01   1.9509974e-01   5.8040253e-02   5.5425721e-01  -1.0848579e+00  -5.7481487e-01  -8.6702090e-01   1.6897283e-01
  -1.7323108e-02  -1.3561891e+00  -1.7514595e+00   9.9109635e-01  -1.0510255e+00  -7.7821028e-01  -7.7240610e-01  -1.5065668e+00   1.2360340e+00   8.2286534e-01
   1.8323459e+00  -9.0418914e-01  -4.3543871e-01   1.2490706e+00   1.1670980e-01   6.8292234e-01  -1.8346647e-02   3.2146689e-01  -4.5614804e-02   1.2775432e+00
  -1.2208053e-01  -6.3335935e-02   9.0312340e-01   8.0597223e-01  -1.3660079e+00  -1.8886020e+00  -6.7101044e-01   7.2850406e-01   8.8082263e-01   1.2185397e+00
  -1.2345633e+00  -1.1373698e+00  -2.7660237e-01  -1.0392794e-01   1.1702626e+00  -6.9808803e-01   4.6149771e-01   1.7464955e+00   1.8973090e+00  -1.5236989e-01
   1.0280045e-01   1.1474839e+00   2.1186605e+00  -1.1393274e+00  -1.0516946e+00   5.6111492e-01  -1.0717300e-01   8.6036807e-02   1.6522863e-01   2.2197691e-01
  -2.3721939e-01  -1.0614258e+00   1.4139329e+00  -1.0505702e+00  -1.3727430e+00   2.2000633e-01   2.5816677e-01  -6.5225935e-01  -8.0320245e-01   1.3969847e+00
   4.2218340e-02  -2.1053393e+00   1.4737965e-01   1.0914693e+00  -3.9921223e-01   3.9099824e-01  -5.5410608e-02   2.7880943e+00  -2.8377046e+00  -9.3366663e-01
  -4.7242224e-02  -1.2500865e+00   1.4245077e+00   1.4357415e+00   8.6321223e-01  -2.7138792e-02   1.4762238e+00  -6.0974621e-01   1.7488092e+00  -3.1274658e-01
   3.1896199e-01   1.3528806e+00   1.9738291e-01  -1.1791516e+00  -8.1353969e-01   1.7926879e+00  -9.3433087e-01  -7.9082057e-03   1.2664607e+00  -5.4944449e-01
  -1.9398274e-01  -5.7099527e-01  -1.9708471e-01  -4.8956171e-01  -1.6071906e+00   2.8163151e-01   1.3218219e+00  -1.4160960e+00   7.7309459e-01  -6.3954798e-01
   4.2268542e-01  -1.8742581e+00  -1.3579243e+00  -2.5562796e-01   4.8865267e-01  -6.6130680e-01  -1.0891497e+00  -3.9466431e-02   2.6209072e-01  -9.4197865e-01
   1.7313745e-01  -4.0950227e-01   1.1558035e+00  -3.2250147e-01   4.5054341e-01  -3.2127876e-01  -6.6088013e-01   1.7244578e+00   8.1695207e-02   5.5227526e-01
   2.7153030e+00  -2.0061625e+00   2.5440416e-01   1.0781725e+00   1.6873494e-01  -2.5154905e-01   7.1935363e-01  -6.6709457e-01   1.0567391e-01   1.8654298e-01
  -7.2227224e-01  -5.4635855e-01   1.0158195e+00   1.1962774e+00   1.4522604e-01  -5.6437325e-01   1.9935761e-01  -4.9863221e-01  -3.9601563e-02  -8.4396347e-01
  -3.7684366e-01   1.6066267e+00  -2.7611501e-01  -8.5249217e-01  -8.6455768e-01  -7.3311866e-01  -1.3520140e+00   1.4754772e+00  -1.6231800e+00   2.2092225e+00
   2.2689900e+00   8.8025611e-01   1.6813670e+00   1.3198061e-01   1.0366750e+00   8.5994315e-01  -8.7543149e-01  -6.3459020e-01  -5.9067202e-01   3.2011287e-01
  -4.2572766e-01   4.6486251e-01  -1.3786338e+00  -7.8970276e-01  -2.1607628e-02  -7.5835109e-01   8.4738269e-01   8.8450946e-01   1.4289730e+00   1.4511778e+00
   1.2730511e+00  -1.6100634e-01  -7.2879556e-01  -1.7668174e+00   8.6344692e-01  -1.1981319e+00   5.7057078e-01  -1.4470879e+00   6.4369139e-01  -8.6638617e-01
   9.8135716e-01   6.6414345e-02  -4.6117616e-01   4.2149167e-01  -4.4852473e-01   6.9869278e-01   7.3978257e-01  -4.0338744e-01  -4.0577255e-01   1.9109828e-02
  -1.8660850e-01  -8.8198819e-01  -1.0870330e+00  -1.9081786e-01   2.5988277e-01  -2.7188629e-01   7.9351048e-01  -2.0730134e+00  -6.0891164e-01  -3.1049164e-01
   8.6335962e-01  -1.9379366e-01   1.6199437e+00   1.8966498e-01  -1.9723365e-01  -9.0164418e-01  -1.4433613e+00  -2.6050416e-02  -7.3183627e-01   1.0656900e+00
  -7.7052018e-01  -1.3030540e+00   1.7267533e-01  -4.0809336e-01  -1.1315645e+00  -3.8379404e-01  -1.2668853e+00   3.9681010e-01   5.5434564e-01  -3.3890178e-01
  -6.5671242e-02   8.0815416e-01  -5.6303198e-02  -5.9472496e-01   1.2844302e+00  -1.0952402e+00   5.0452114e-01  -3.2158721e-01   9.4958153e-01  -1.0775544e-01
   9.5949173e-01   7.5426695e-01   1.4246029e+00  -1.5794596e-01  -1.3701152e+00  -1.3579724e+00  -3.2571501e-01  -2.3172229e+00   1.2797372e+00  -2.5256363e-01
  -1.9548031e+00   7.6775219e-01  -1.3963745e+00   8.7160940e-01  -5.8461984e-02  -3.3206830e-01   4.2331039e-01  -9.7516745e-01   2.7312200e-01   2.0447858e+00
   1.3582362e+00   1.3726199e+00   8.6068687e-01   8.8571309e-01  -1.8867778e-01  -4.7289275e-01  -6.2845352e-01  -8.3686033e-01  -1.4818164e+00   1.3582032e-01
  -1.1588096e+00  -6.4983447e-01   4.5345982e-01   2.0222783e+00  -7.5147540e-01   1.5575371e+00  -4.3208525e-01  -4.5553579e-01  -7.4567294e-01  -3.9182083e-01
  -7.2974960e-01  -3.6663720e-01   6.5833257e-01   1.3271968e+00   7.7383407e-01   7.6889807e-01  -4.6017194e-01  -1.1607846e+00  -2.8951959e-01  -6.4723467e-01
  -4.7800017e-01  -8.8364904e-01  -7.2986532e-02   1.7585553e+00   5.4663938e-01  -1.4205548e+00  -1.0756228e+00  -9.4513881e-01   2.0242366e-01   1.0350468e+00
  -1.1889719e+00   3.8634197e-01  -9.1161533e-01   1.6355009e+00  -1.1056100e+00  -2.1408342e-01   2.5444231e-01   2.3433788e-01  -9.1222992e-02   2.0550940e+00
  -2.3953020e-01  -2.9173318e-01   5.3736917e-01  -1.7009871e-01  -1.4491829e+00   6.0801814e-01  -1.4074704e-01   8.8990962e-01   2.5033847e+00   1.0670359e+00
   2.1875377e-01   4.8756032e-01  -5.2541484e-01   2.8501644e-02  -5.7060787e-01  -1.0001479e+00  -8.0074329e-01   1.4834216e-01   7.8362955e-01  -1.8263524e-01
  -1.2188334e-01  -2.0538947e-01  -1.6580575e-01   5.0181600e-01  -4.4813314e-01   1.3820894e+00   1.7433017e-01   2.8466717e-01   1.1766670e+00  -6.0164960e-01
   2.1269160e+00   2.4871026e-01   6.7427862e-01   8.4889705e-01   1.8379405e-01  -1.2859358e+00   4.2790936e-01   2.0044121e-01   8.1860466e-01   1.2301282e+00
   4.9228131e-01  -2.6031811e-01   2.0991734e+00  -1.9441733e-02   2.3578463e-01  -1.7949280e-01  -1.0527849e+00   2.0325024e-01  -1.3855969e-01   2.7096146e+00
   2.5959055e+00  -4.5803119e-01  -1.6950200e+00   8.9747182e-01   1.9892752e+00  -2.1662656e+00   8.0817312e-01   6.7656678e-01  -1.0877852e+00   1.3418697e+00
  -2.6403699e-01   8.3427972e-01  -1.7956429e+00   7.8046847e-01  -9.4994698e-01  -7.8001805e-01  -8.8950713e-01   3.4342527e-01   1.8736982e+00   1.2986421e-01
  -5.5705497e-02   1.2625619e+00   3.7187472e-01   5.6182399e-01   8.8787086e-01  -8.7825480e-01   9.8037228e-01  -1.1040294e+00   6.7990601e-01   4.7981354e-01
  -3.7494874e-01   2.1441547e+00   2.4141374e-01   2.2224271e-02  -6.6255437e-01  -2.0398168e+00   1.6272310e+00  -2.6201489e-01  -6.2870888e-01   1.9663658e+00
  -9.4871054e-02  -1.9167712e+00   2.2534840e+00  -8.2269639e-03  -1.2840545e+00   3.2600522e-01  -1.6842031e+00  -1.2552147e+00   9.2482602e-01  -1.2006896e+00
   1.8263797e-05   1.2111839e+00  -5.2003771e-01  -1.9364959e-02  -1.0406749e+00   7.0011025e-01   4.7352415e-03  -2.0199846e+00   2.1506236e+00   1.6531974e+00
   1.0640323e+00   1.8435219e-01  -6.9337812e-03  -5.3806019e-01  -3.1765242e-01   1.9508633e+00   1.6070211e+00   1.9423869e-01   1.7417572e+00   6.5806164e-01
   6.7845618e-02   1.6684030e+00   2.1756174e+00   1.6410576e+00  -4.1480717e-02   3.9867147e-01   1.9990185e-01   2.3568062e+00  -7.6677936e-01  -2.5618945e+00
   3.0941693e-01   8.7036858e-01   2.8994601e-01  -5.2714222e-01  -2.0219003e-01   9.8305311e-01   1.7393759e+00   3.8256975e-01   5.0753188e-01   9.5470022e-01
   4.2280718e-01   2.2724279e-01  -4.1475405e-01   6.8567904e-01   5.2481307e-01   2.5857058e-02  -2.4555050e-01   4.9668894e-01   4.3340488e-03  -1.1422372e+00
  -1.2231230e+00   5.4360626e-01   2.3297396e-01   1.4654423e+00   1.5235265e+00  -2.2682830e+00  -4.3652917e-01  -1.7479890e+00  -1.3828994e+00   1.1564822e+00
  -1.2866767e-01   3.7621496e-01   3.0136511e-01   1.3140698e-01   9.9977755e-01   1.4758849e+00   2.3724236e+00  -1.2827868e+00  -2.0154990e-01  -1.0460694e+00
   7.3392590e-01   1.7849967e-01  -8.7005320e-01   2.0185567e-01   6.9868056e-01  -1.4155539e+00   3.8020159e-01   1.7952743e-01  -1.9079822e+00   1.4363755e+00
  -3.0010619e-01   1.2757047e+00  -1.5259657e-01  -2.3917549e-01   1.0167012e+00  -2.3252001e+00   5.2938510e-01   2.5264108e-01   7.7488214e-01   7.8681430e-01
  -2.1472687e+00  -9.9035265e-01  -1.1028411e+00   1.6865721e+00  -9.8289412e-01  -7.6924089e-01   1.1924102e-01  -3.0402344e-01  -5.4871839e-01  -1.3994081e+00
  -1.5381844e+00   1.0112220e+00  -2.0546000e+00  -5.7990849e-01   3.8558642e-01  -1.0189349e+00   7.4466816e-02  -8.1901907e-02   6.3868628e-01   8.5635935e-02
   8.9301503e-02   2.7569377e-01  -1.1559306e+00  -3.6881455e-01  -1.9500469e+00  -4.1095630e-01   1.2332770e+00   2.0354797e+00  -2.8980455e-01   9.9218502e-01
  -9.3144381e-01   7.2652704e-01  -1.2896460e+00   1.6231055e+00  -4.1370625e-01  -1.5764954e+00   1.7117278e+00   9.5345623e-01  -4.1962443e-01   8.4860429e-01
  -1.4314065e+00  -7.7479633e-01  -5.5536895e-01   4.4198219e-01   8.9891259e-01   3.6949582e-02  -2.2601250e+00  -5.7256964e-02   8.2382693e-01  -6.7611898e-01
  -7.4310598e-01   1.1887571e+00   2.1343767e+00  -1.8226691e+00  -1.4277034e-01   2.3373644e+00   7.4807311e-01  -9.2910279e-01  -1.5872553e+00  -8.5136925e-02
  -1.2666104e+00  -3.3806995e-01  -1.8454032e-01   8.4071115e-01  -2.6243561e-01   1.4641124e+00  -2.4770066e-01  -4.9467996e-01   5.9872473e-01  -6.8052902e-01
   1.5631069e+00  -9.8748519e-01   1.1479710e-01   9.3792262e-01  -7.0328917e-01  -3.9589995e-01   1.2126835e-02  -1.3368023e+00   1.6420541e-01   1.3229965e-01
  -1.4478996e+00   9.9041570e-01  -3.2409582e-01   5.2630259e-01   1.5783303e+00  -9.4198635e-01   1.8382436e+00  -1.6464573e+00   1.3469670e+00   3.5172723e-01
  -1.5166142e-01   6.5788159e-01  -6.2715214e-01   2.7794624e-01   1.7194045e-01  -7.1567056e-01  -1.6418977e+00   2.5374939e-01   7.4120284e-01  -1.3121740e+00
   9.0281691e-01   1.0979491e+00   1.0185973e+00   2.2961816e+00   2.5615955e-01  -1.1020820e+00  -6.0906796e-01  -4.1917227e-01   1.3918354e+00   1.3937871e+00
   2.6940846e-01   1.0407826e+00   2.3273202e-01   2.1067757e+00  -1.8275364e-01  -3.9707830e-01   1.2295389e-01   1.6415245e+00   4.9785710e-01  -2.2370539e-01
   2.0023979e-01  -1.7656616e+00  -2.0012388e-01   2.7096388e-01  -7.8775780e-01  -2.6371254e-01  -9.5837346e-01  -8.3017430e-01   6.6222309e-02  -1.0689153e+00
  -1.2125732e-01   1.0850127e+00   4.3766312e-01   9.1929804e-01  -3.1089269e-02  -2.7429000e-01   2.8060935e-02   2.4635883e+00   7.3112245e-03  -1.8593254e+00
   1.1189466e+00  -6.3693697e-01  -5.1873218e-01  -1.9422100e-01   4.8694394e-01  -3.2613852e-01  -7.7762083e-01   1.4479236e-01  -2.6880678e+00   1.6988151e-01
  -1.4484644e+00   1.9921010e+00   3.0275531e-01  -2.5465915e-01   5.4736114e-01  -8.5041336e-01  -3.8682602e-01  -7.5573186e-01   8.2195221e-01   1.5008317e+00
  -8.4164912e-03  -8.9018078e-02   2.5101054e+00   4.9737374e-01   2.6982152e-01  -5.6788775e-01  -8.1505371e-01   6.8034211e-01   5.7318030e-01   1.1653757e+00
   6.5078462e-02  -1.9961284e+00   1.1486630e+00  -1.0695414e+00  -3.8296052e-03  -4.0863101e-01  -7.0583686e-01  -3.3284528e-01  -1.5074914e+00  -1.5148128e+00
   1.0931937e+00   3.1727696e-01   2.7741831e-01  -3.8983187e-01   2.0882741e-01   7.6676850e-01   1.7585051e+00   1.4302867e+00   4.9742765e-01   1.6545348e-01
   1.4889431e+00  -2.9708475e-01   9.7572241e-02  -2.3172683e+00   1.5274579e-01  -8.6576965e-01   1.9988873e+00  -6.3560692e-01  -1.4294196e+00   1.1095901e+00
  -7.7495881e-02   3.4329304e-01   1.8162737e-01   6.5812993e-01  -7.4944161e-01  -1.5385181e+00  -9.0509648e-01  -1.4803780e+00   1.0235319e+00  -4.2171649e-01
   9.4612279e-01  -3.1037936e-01   9.1592121e-01   5.3130888e-01   1.6363101e+00  -1.0436144e-01  -1.0352066e+00   6.9902773e-01   3.9129992e-01   1.2024090e-01
   4.2653731e-01  -5.7702058e-01   8.5137260e-01  -7.6969343e-01  -4.2417299e-01   6.1436767e-01  -7.3971251e-01  -3.5739192e-01  -8.7884511e-01  -4.3847522e-01
   2.4899102e-01  -6.1702574e-01   6.0229048e-02   1.4195151e+00  -2.6051212e-01   1.2256405e-01  -1.6973401e+00  -3.7327323e-01   6.1686925e-03  -1.4672666e+00
   1.3011241e+00   4.1344065e-01  -3.7620151e-01  -1.3122521e+00  -1.8027596e-01  -1.8321958e+00  -4.8415208e-01  -9.1592825e-01   4.1233361e-01   1.4625588e+00
  -2.7674148e-01   1.2005799e+00  -1.3496994e+00   4.2707113e-01  -1.4667338e+00   3.4193918e-01   5.1706551e-01   9.4994171e-01  -7.8048824e-01  -8.3753782e-01
   1.2676582e+00  -5.1551749e-01  -6.7150007e-01   1.1262091e-01   1.1499463e+00   9.5711727e-01   9.0945612e-02  -2.0966573e-01   1.6466447e+00   5.7344760e-01
   1.3371467e-01  -1.2641371e-01   1.3213089e-01   6.7592169e-01   9.7935730e-01   1.9041783e-01  -8.0347451e-02  -7.2225768e-01  -8.7148646e-02  -1.3146770e+00
  -1.8032582e+00  -9.1756147e-01   1.6975319e+00  -9.6969942e-01   1.4248168e+00  -6.2860900e-01  -7.3133846e-01   1.3582644e-01  -3.4754837e-01  -7.6668539e-01
   8.1183272e-01   1.2328765e+00  -1.1730343e+00  -4.0532752e-01   5.6001555e-01  -5.1765881e-01  -2.0392696e-01  -4.7368048e-01  -5.1393544e-02  -1.6250797e+00
   5.4313608e-01   1.1569974e+00   7.9732984e-02   5.6227263e-03  -6.1909298e-01  -8.9083471e-02   2.5020771e-01  -8.2575375e-01   1.4712800e+00   2.3869071e+00
  -1.7493295e+00   2.3636142e-01  -5.5231980e-01  -6.0679771e-02   1.5219863e-01   4.1360388e-01  -1.4094813e+00  -5.1221885e-01   1.5224008e+00  -2.5665198e+00
  -1.0784210e-01  -2.2746757e-01   1.2502134e+00   1.5831465e+00   9.7423538e-01   1.1171455e+00  -1.9004388e-01   3.7307962e-01  -2.6327963e-01   2.2233670e+00
  -5.5824611e-01   1.5945091e+00   5.5807231e-01   9.8658406e-01   3.6703006e-01  -4.1564847e-01   1.0190956e+00  -1.1892319e-01   1.1773024e+00   4.4598798e-02
   1.4311337e+00  -7.4747822e-01   5.2912449e-01   1.4681577e-01   1.7815060e+00  -5.2277650e-02  -3.5194577e-01  -1.7807144e-01   5.7846601e-01   8.5621280e-01
  -6.2961417e-01  -1.0297581e+00   3.7775947e-01  -9.6802625e-01  -9.7291880e-02   4.5412232e-01   2.8315886e-01   1.2329403e-02   4.3410755e-01  -1.4412776e+00
   1.8441932e-01  -1.4964640e-01  -1.2496667e+00   5.9868440e-01   3.8654504e-01   3.5428969e-01   2.7699090e-01   3.3566259e-01  -1.0438717e+00  -2.2392102e+00
  -3.0799007e-01   6.8250535e-01   8.4978806e-01   1.8088813e+00  -2.1248921e-01   5.6217118e-01   2.0518255e-02   1.2919177e+00   1.4555641e+00  -7.2245307e-01
  -1.0120736e+00  -3.8408278e-01  -1.7437383e+00   7.6503580e-01  -1.2425152e+00   1.4733881e+00   3.7126060e-01   1.1732413e+00  -2.2894231e+00   1.1570382e+00
  -4.6240784e-01  -3.8056352e-01  -1.5101804e-01  -6.8527088e-01  -3.9138008e-01  -2.4293270e-01   5.5248093e-01   7.8039499e-01  -4.0700728e-01   6.3925190e-01
   1.8499101e-01  -6.5000658e-01   1.8634359e+00  -9.1473226e-01  -1.3127535e+00   4.6378378e-03   5.8440333e-01   5.5618217e-02   1.3901326e-01   1.0603614e-01
  -2.1442151e+00   1.7108354e-01   1.7427732e+00   2.2789123e-02  -2.1556153e+00  -7.3071891e-01   2.9752649e+00   7.6566492e-01   2.1376481e+00  -4.8071097e-02
  -1.7228024e+00  -4.8896487e-01   1.1231367e+00   1.6804147e+00   1.2270370e+00  -1.5610766e+00  -2.2209727e-01   5.0248255e-01   5.6308300e-01  -1.1945654e+00
   9.4780345e-01  -3.4721163e-01   2.2927076e+00  -1.6755221e-01  -9.5924982e-01   1.7851450e+00   5.7899131e-01   7.6256174e-01  -7.8699463e-01   2.5208977e-01
  -8.3625431e-01  -1.5021131e+00  -6.6447015e-02  -2.0430000e-01  -5.9115195e-01   1.2411593e+00   3.4302636e-02   4.4544453e-02   1.1440782e-02  -2.5982175e-01
   2.4542463e-02   4.1158921e-01  -5.1020745e-01   4.6307484e-01   8.0373580e-01  -5.2459672e-02   6.7329082e-01  -1.7208596e-01   7.1848827e-01  -1.1092919e+00
   5.6157290e-01   2.1067900e-02  -1.1952449e+00   2.2488704e-01  -4.4155246e-01   1.0438915e+00   7.8407125e-01  -6.1257928e-01   4.1234959e-01  -2.7747894e-01
  -1.0334441e+00   5.2858595e-01  -7.9086627e-01  -7.3064615e-01   1.6816439e+00  -7.0595043e-01   1.0456790e-03  -1.2950135e+00   6.5689827e-01   6.1028280e-01
  -1.0919145e+00   1.0419504e+00   4.9588537e-01   2.7957260e+00   4.5583895e-01   1.4714442e+00   1.1592219e-01   1.3135643e+00  -1.0885245e-01  -1.7375733e-01
   7.6368742e-02  -5.8123350e-02  -3.3234641e-01  -4.5766142e-01   2.6682794e-01  -5.4240375e-01  -4.7943865e-01  -1.4069114e-01   4.9366783e-01   4.6454512e-01
  -2.0380025e-01  -1.7565408e+00  -6.9615588e-01  -1.6583980e+00  -1.4664558e+00   3.6673702e-01   6.3342196e-02  -9.5271241e-03   1.6401213e-01  -3.5213085e-01
  -9.8278746e-01  -3.5521364e-01   5.6970117e-01  -4.5994254e-01  -2.5004835e+00   6.0664032e-01   7.3847843e-01  -5.1628107e-01  -3.0030048e-01  -1.1955014e+00
  -2.2090723e-01   1.5639680e+00  -7.4212419e-01  -1.8935295e+00  -1.4868958e+00  -4.3349334e-01  -1.1013125e+00  -5.9732997e-01  -1.1059357e+00   7.4708411e-01
  -1.2848626e+00   1.6110544e+00   1.4435484e-01   1.1837104e+00  -1.4705712e+00   6.6406959e-01   4.9771605e-01  -6.0875932e-02   5.5835631e-01  -1.3023666e+00
   6.5002422e-01  -2.8815618e-01   8.3889241e-01  -7.0406616e-01   5.1178025e-01  -8.6623416e-01   2.0750107e+00  -1.2406727e-01  -6.0418133e-01  -9.2831675e-01
  -4.6806614e-01  -7.6012255e-01   1.0378074e+00  -1.8147177e+00  -1.5613393e-01   2.5231861e+00  -6.6504025e-01  -2.3958191e+00  -5.0220780e-01  -4.9935143e-01
  -2.3060119e-01   5.2598244e-01   7.3340107e-01   1.7322959e+00   1.4711410e+00   8.2878001e-01   5.5331747e-01   1.3643327e+00   7.2596671e-01   1.7332239e+00
   6.3129321e-01   5.0510284e-01   7.6189199e-01  -1.6038454e-01   8.9162001e-01   3.8768746e-01  -2.0478517e+00  -1.4213237e+00   7.9449819e-01   7.6139605e-01
   6.1755414e-01  -5.2790733e-01   1.2015454e+00  -1.9034503e-02   9.4342093e-01   4.6547324e-02  -9.1497856e-01  -6.1632166e-01  -4.0074596e-01  -5.3015353e-01
   3.6501696e-01  -7.8487887e-01  -1.4358755e+00   5.7388101e-01   1.0300327e+00  -2.6314957e-01   9.1798404e-01  -1.5580242e-01   2.9554282e+00  -6.4025093e-01
   2.0278721e-01   4.5473340e-01   6.3528010e-03  -3.7514732e-01  -5.6480639e-01  -7.5131344e-01  -7.7121559e-01  -1.4289191e+00   1.1574261e+00  -1.3415487e+00
  -1.6373064e+00  -9.2944043e-01   8.1724847e-01  -8.1687719e-01  -3.6776389e-01   7.3188372e-02  -6.8956593e-02  -8.2831363e-01   4.7558814e-03  -9.2055518e-01
   1.2215057e+00   1.8783450e-01  -1.7570359e+00   2.0774768e-02   1.6783588e+00  -3.4791114e-01  -1.0322103e+00   6.0770480e-01  -1.2053266e+00  -2.1921568e+00
  -5.6215978e-01  -2.1336263e+00  -1.1049497e+00   1.9141217e+00  -1.1649698e+00  -2.6734390e-01  -2.3563347e-01  -7.0934596e-01   5.0817416e-01  -6.0630785e-01
   9.2763234e-01   7.0420485e-01   6.5043778e-01  -1.3750295e+00   7.5672634e-01  -1.2286192e+00  -1.3647027e+00  -1.5157055e+00   4.8435120e-01  -1.9794241e-01
   4.4423571e-01   1.8568504e-01   7.8637355e-01  -3.6869697e-02  -1.0830092e-01  -2.5137798e-01  -7.9608895e-02  -9.7571763e-01  -7.7050551e-01   1.3302871e+00
  -7.9722921e-01   3.4389481e-01   6.1100693e-01  -6.7482450e-01  -1.5132758e-01   1.3270477e+00  -1.3162320e-01   5.1371338e-01   1.2970531e-01   1.5288949e+00
   8.8186413e-01  -5.5227465e-01   1.1388728e+00   1.0244700e+00   9.8804787e-01  -2.9207016e-01  -4.7206365e-01  -1.0349023e+00  -1.6399963e-01   1.8433656e+00
   8.7038313e-01  -3.4055724e-01  -9.5312705e-01   2.6065779e-01  -8.9402603e-01   3.5799444e-01  -1.5031765e+00   4.5013796e-01   6.7602534e-02  -1.0062212e+00
  -2.0912682e+00  -9.9207429e-01  -1.2248200e-01   1.1243899e+00   1.4916411e+00  -8.0805069e-01   6.7367461e-01  -1.6017231e-01  -2.5283674e-01   6.1481808e-01
   3.0353629e-01  -1.7626709e+00  -2.8530962e-01  -1.3772260e-02   8.3092240e-01   1.1421342e+00  -9.2577154e-01   5.8734610e-01  -3.0360954e-01  -1.6187665e+00
   4.0203648e-01   8.5741872e-01  -9.8917578e-02   1.6681762e+00   8.6018369e-01   7.7609619e-01  -2.4329129e-01  -5.8814332e-01  -3.1383385e-01  -9.5023959e-01
   1.9555946e+00   6.3779423e-02   1.9530945e+00   3.6746471e-02  -1.2652852e+00   5.9153167e-01  -2.0766545e-01  -1.9149894e+00  -8.0980933e-03  -7.7464240e-01
  -4.9024064e-01   5.9858373e-02   3.9065779e-01  -8.5321115e-01   7.0209749e-01   1.9114137e-01   3.3126307e-01  -6.7018414e-01   7.0682679e-01  -1.9711567e-01
   2.3133380e-01   9.1670903e-01  -1.6300255e-01   3.7623236e-01   5.8423783e-01   2.1999978e-01  -2.7432960e-01   1.2473807e+00  -8.0803730e-01   6.5326975e-01
   5.2382342e-01  -7.7235154e-01  -6.4316659e-02  -4.1703471e-01   5.7982055e-01  -1.7856407e+00   8.7276159e-01   7.3594219e-01  -1.0012048e+00  -1.9159465e-01
   4.1936775e-01  -1.8383226e+00   8.0073912e-01   8.8227766e-01   2.4430766e+00   1.1670018e+00   6.2494612e-01   8.2033647e-01   1.3703036e+00   2.7237647e-01
   1.1524526e+00   7.1695018e-01  -2.3486353e+00  -2.2370351e-01   3.2697087e-01  -1.4314580e+00  -1.2319206e+00  -2.0104520e+00  -3.6612851e-01   7.5874263e-01
  -8.2636940e-01  -3.0679635e-02   2.6903650e+00  -7.4704660e-01  -1.2742170e+00   1.1808140e+00  -9.9096938e-01   4.2353575e-01  -3.7864040e-02  -6.8678835e-01
   9.3270709e-01  -6.0631383e-01  -9.4643106e-01  -9.5456679e-02   5.7425059e-01  -4.5845500e-01  -4.3241986e-01   3.5127509e-01  -4.9907449e-01  -9.7656253e-01
  -4.8370824e-02  -8.9854217e-02   1.4403185e-01  -3.8440280e-01  -1.7978530e-01   2.6930701e-01  -3.0985996e-01  -1.3026243e+00   3.1551708e-01  -3.0560794e-01
   9.7413191e-02   1.1800935e+00  -1.6011125e+00   6.5646877e-01  -4.3238152e-01   4.7061231e-01  -9.6768146e-01   4.7555796e-02   1.1263068e+00   1.5986969e+00
   1.1547402e+00  -6.2702376e-01   9.9486494e-01  -9.2489742e-01  -1.5392862e+00   6.7230401e-01   2.5991504e-01  -3.8590264e-01   9.6604125e-01  -4.6186753e-01
  -5.1691025e-01  -6.1302428e-01   3.6996133e-01  -5.9063202e-01   9.0037835e-01   4.1137521e-01   3.8364121e-01  -1.2787247e+00   9.0598945e-01   3.8102414e-01
  -7.8109585e-01  -1.3316610e+00  -6.0705612e-01   3.6103435e-01  -2.6374489e-01   2.5914297e-01  -7.1341884e-01  -7.9228878e-01  -5.7467539e-01   5.0709432e-01
   6.7674213e-01   2.3337596e+00   4.3825997e-01   3.2965068e-03   8.4294174e-01   3.5413231e-01   1.3558749e+00   7.0161498e-02  -1.6332689e+00   6.3263126e-01
   1.6674021e-01  -7.3105482e-01   2.9309393e-01   1.8233064e+00   4.2928752e-01  -1.0350223e+00   2.5151847e+00   1.1709710e+00   4.3264366e-02   1.5070334e+00
  -7.7530262e-01  -1.0362134e+00   1.2429050e+00  -1.5917234e+00   1.6536027e+00   5.2630114e-02  -4.4651871e-01   1.6662063e+00   4.2014352e-01  -7.1900624e-02
  -1.4898337e+00   8.9633453e-01   8.9774102e-01   1.4137518e-01  -7.4719448e-01  -7.1014196e-01   1.1843826e+00   1.9958747e-01  -1.2111565e+00  -1.4080904e+00
   3.1326876e+00   2.9058046e+00  -8.4547779e-02   4.2200654e-01  -9.6824526e-01   6.5800413e-01  -6.7401923e-01   1.6016020e+00   1.2793794e+00  -1.3782075e+00
   5.9554004e-01   4.1002092e-01  -1.7324623e+00  -8.6232197e-01  -5.9196292e-01  -2.2450254e-01  -9.5234111e-01  -4.7501713e-01  -3.9962076e-01   9.1738889e-01
   6.7918590e-01  -7.3295207e-01   3.5971219e-01   1.0666054e+00   1.7176152e+00  -4.4083309e-01   6.2528519e-02   1.4275999e+00  -8.8703580e-01   1.6015496e+00
  -1.1324969e+00  -1.1218913e+00  -1.4616937e-01  -2.9238862e-01  -1.0588709e+00   2.4947770e-01   2.5439098e-01   9.5161441e-01   3.3922937e-01   1.2340614e+00
  -1.9043734e+00  -4.2181154e-02   1.7205326e-02   1.7625084e+00   4.8550405e-01   1.5037720e+00  -2.3830669e+00   8.8035476e-01   3.4879763e-01  -1.5438422e+00
   1.7362195e+00   6.4214293e-01  -3.6601075e-01  -1.0820781e+00   7.9280828e-01   7.5513589e-01  -1.8284473e+00   3.5118857e-01   1.0158529e+00  -1.0213648e-01
   4.7418901e-01  -5.0745936e-01  -1.1926746e+00   3.5763030e-01   4.6451525e-01   1.5000556e+00   8.9298879e-01   9.8145521e-01  -4.9071784e-01  -1.5759287e-01
   8.1114261e-01   6.0362794e-01   5.3879592e-01  -1.4901165e+00  -1.8592508e+00  -2.6221014e-01  -1.3715195e+00   1.3065282e+00  -1.8655308e+00   3.4510533e-01
   1.2197452e+00  -6.8380632e-01  -3.0103812e-01  -4.9879081e-01   5.7820150e-01  -6.9412159e-01   1.0480050e+00   1.7092884e+00   5.1835021e-01  -8.8047580e-02
  -6.4227647e-01  -2.5918208e-01   1.6709003e+00   5.5831642e-01  -8.0422299e-02  -3.4928763e-01  -1.6918891e+00   5.2793947e-01   9.0799358e-01  -3.9582199e-01
   9.6938243e-01  -1.1124045e+00  -2.8311652e-01  -8.3750133e-01   3.9393676e-02   1.3927016e-01   1.0527852e+00   1.0332070e+00  -4.2833531e-01  -1.1792201e+00
   1.0122662e+00   1.1305999e+00  -1.6645371e+00   1.6923360e-01   7.3274813e-01  -8.0553649e-01   1.7945062e-02   3.1665564e-01   1.4206173e+00  -1.7660669e+00
   2.2026969e-01  -1.0886108e+00   2.5496619e-01  -8.7715582e-03   3.4019364e-01  -7.0443164e-01  -4.7209734e-01  -9.2870886e-01  -7.9896634e-01  -2.3641261e-01
  -7.1346752e-01   5.8996000e-01  -7.4028496e-01   9.5753559e-01   8.3419288e-01  -4.7126752e-01   9.1818266e-01  -7.8733685e-01   9.5327457e-02   6.3123693e-01
   3.7666593e-01  -5.3388281e-01  -5.3579627e-01  -3.5806771e-01   3.9809102e-01  -1.7755010e+00  -2.8356783e-01   1.5260660e+00  -7.1301744e-01  -3.6471216e-02
  -1.3340513e+00   7.8612165e-01  -1.5332976e+00   2.7624502e-01  -9.3928690e-02  -3.0395251e-01   4.4073144e-01  -1.4697220e+00  -2.6826638e-01   1.1017773e+00
   9.5145543e-01   5.1752040e-01  -1.6411975e+00   1.3054552e+00   6.7790852e-01   4.3595696e-01   2.3790159e-01  -1.5228919e-01  -2.0164750e+00  -1.9191311e-01
  -2.1594270e+00  -1.8300635e+00  -8.6370911e-01  -1.6217735e+00  -9.5807653e-01  -5.4635456e-01  -6.1539200e-01  -7.2004890e-01   6.8882395e-01  -1.3259483e+00
   6.9715945e-01  -1.3975713e+00  -2.5126763e-01  -1.1980972e+00  -3.3924358e-01  -3.3670245e-01  -6.8294164e-01   8.6516577e-01   1.3543092e+00  -1.0386637e-01
   7.7392855e-02   7.5082010e-01  -9.6880621e-01  -5.7722012e-01   4.7577880e-01  -1.2596616e+00   7.3812006e-01  -4.9834828e-01   1.2398992e+00  -1.0587555e+00
   1.3274765e+00  -5.9027207e-01  -2.6892995e-01   9.6861388e-01   8.2994026e-01   1.6613813e+00   8.4845600e-02  -5.4116900e-01  -1.9346017e-02  -4.7050675e-01
   1.1575551e+00   1.0067704e+00   5.7663997e-02  -7.2171102e-01  -2.2992926e+00   2.8098314e+00  -1.0407916e+00   6.2824746e-01  -9.3987605e-02   2.4271064e-01
   2.1520254e-01   1.1468192e+00   1.8631282e+00  -1.5748339e+00   2.3420957e+00   2.1375734e+00  -4.2335592e-01  -1.5431675e+00  -3.2128827e-02   1.8794676e+00
   5.0379300e-01   1.5969710e+00  -5.9130520e-01   7.6488263e-01  -8.4745883e-01  -1.0844978e+00   2.0926298e+00  -3.1744410e-01  -7.5929283e-01   1.4923692e-01
   9.8771198e-01  -9.7197133e-01  -9.6477446e-01  -3.0891691e-01  -1.3578322e+00  -1.9531627e+00  -1.1405387e+00   9.6418533e-01  -6.1317819e-01   1.4322326e+00
  -2.8592879e+00   7.6825302e-01  -9.5895797e-01   5.5977088e-01  -1.8264091e+00   7.6876473e-01   4.2760617e-02  -1.7541043e+00  -2.2698914e+00  -1.4068083e-01
  -1.4506342e+00   1.0261978e+00  -1.5954066e-01  -3.7459444e-01   1.2309206e-01  -9.1480878e-02  -1.0972239e+00   7.8414570e-01   6.4142218e-02   5.7492631e-01
  -6.4295671e-01  -1.4501112e+00  -1.8143899e-01  -7.4079528e-01   5.6485832e-01   1.3708345e+00   1.5224705e+00   1.2153850e+00   1.1884352e+00  -1.1622135e+00
   1.0162282e+00  -1.3656192e+00   2.3040225e+00   2.1865372e+00   6.4494547e-01  -5.3213370e-01   5.3414739e-01   4.7317571e-01   7.1122424e-01  -6.9540257e-01
   1.1996591e+00  -6.3110089e-01  -8.9952066e-01  -3.9486275e-01  -5.5410820e-01   4.3057807e-01  -2.7859451e-02   5.8526808e-01   1.0865918e+00  -7.2838317e-01
  -1.4222023e-01  -3.1789243e-01  -8.9021029e-01   4.1757812e-01   1.5232467e+00  -2.1581925e-01   8.0021113e-03  -4.2047273e-01  -1.0337278e+00  -2.6537551e-01
  -1.7165716e+00  -1.7534364e+00   7.1159844e-01   3.0052016e-01   7.5120842e-02   6.2909727e-01  -6.6424375e-02   3.0352178e-01   1.1347286e-01  -6.1836277e-01
   7.8681226e-01   9.7425237e-02   1.2398811e-01  -2.3498707e+00  -1.0677898e+00  -3.6555089e-01   4.3910301e-01  -1.2844516e+00  -4.1156481e-01   1.7192468e+00
   5.3846416e-01   1.1432049e+00   5.8216956e-02   2.2314959e+00   6.2481381e-01  -1.1326147e+00  -3.6044575e-01  -1.7319949e+00   2.0914150e+00  -4.0177528e-01
  -3.4132294e-01  -8.5003753e-01   8.3808233e-01  -1.2996272e+00  -5.2174435e-02   3.1250838e-01   5.3529590e-01   7.5149382e-01   1.3327206e+00  -7.4787832e-01
   3.1248756e-01   8.3392028e-02  -1.0315525e+00   1.4078785e+00   2.5919618e-01  -2.2626709e-01   3.2498608e-01  -5.3586505e-01   1.0467250e+00  -2.0824106e-01
  -6.2988221e-01   6.9486393e-01   1.7213448e+00  -9.1410759e-01   3.6629209e-01   1.4655756e+00  -1.2835538e-01   4.9790909e-02  -2.9845568e-01  -1.9479481e+00
   1.3268123e+00   1.5530800e+00  -2.0156284e-01   7.3044871e-01  -4.2453842e-01   9.4979382e-01   9.0504326e-01   2.0472749e+00   1.3143436e+00  -3.0245278e-01
   2.2790008e+00   7.4053825e-02   8.5401871e-01  -1.8308743e+00  -5.1096850e-01   1.6077489e+00  -1.2862937e+00  -6.1374981e-01   7.5284132e-02  -8.6478731e-01
   1.1219734e+00   1.7583527e-01  -7.9584770e-01   1.3830954e-01   1.0386749e+00  -3.9019718e-01  -7.3002672e-01   9.7200851e-01   1.2664705e+00   3.6991109e-01
  -6.9076683e-01  -3.8022932e-01  -3.5985920e-01  -5.6809574e-02   9.7861518e-03   1.9403992e+00  -1.2237716e+00   6.3055188e-02  -1.7646416e+00   6.1707156e-01
   2.4670863e-01   1.6068774e+00  -9.5204735e-01   1.5686287e+00  -7.3447499e-01  -2.7383632e+00  -1.6254167e+00  -1.6229402e-01  -2.3632694e-01   1.2292760e+00
   1.2999927e+00   1.4110169e+00   1.8892075e-01   1.1086862e+00  -6.4718469e-01  -5.7794681e-01   1.7027573e+00   1.6533049e+00  -6.8324316e-01  -2.0557802e-02
   1.4668278e+00   5.7779599e-01  -2.8843310e-01  -5.8335907e-01  -2.8391184e-01   1.3108427e-03  -1.7275146e+00  -1.6549537e+00   1.1325596e+00   1.8897576e-01
   1.9498040e+00   1.5556468e+00  -1.3477597e+00  -5.2242054e-02   6.7926524e-01  -9.3130273e-01  -1.1549029e-01   2.0493136e-01   4.5842720e-01  -8.7517806e-01
   8.4567057e-01   6.0936975e-01   6.2874392e-01  -4.9079813e-01   1.5927542e+00   1.5425275e+00   7.1286804e-01  -1.1965040e+00   5.8954525e-01  -5.5516648e-02
  -1.8683049e-01  -5.3037824e-01   1.8925013e-01   7.0573234e-01  -4.5881692e-01   1.7993653e+00  -7.6144464e-01  -2.8889594e-01   2.5312453e-01   1.2489205e+00
  -1.0686659e+00  -3.0684710e-02   2.0017027e+00  -1.2476349e+00   1.3335417e+00   1.1996760e+00  -1.4433998e+00   8.6330148e-02  -2.0191666e+00   1.6747269e+00
  -2.5354688e-01   9.0655299e-01  -9.2685285e-01  -1.1247371e+00  -5.0275691e-01  -6.8769838e-01  -1.2478401e+00  -8.9205811e-01  -2.6200160e+00   5.1496014e-01
  -1.4242601e+00  -2.4337025e+00  -1.2902544e+00  -8.2922046e-01  -1.9647301e+00  -2.0367991e-01  -5.7234070e-02  -1.1201429e+00   4.4528090e-01   5.7106736e-01
  -1.0868635e+00  -4.4528483e-01  -8.8361117e-01  -1.2166658e+00   6.7550093e-01   7.8055602e-01  -1.2698499e+00  -1.8104078e-01   1.3223610e-01  -7.0253939e-01
  -9.8619271e-01  -1.4265394e+00  -1.8896968e+00  -1.1887381e+00  -1.6104283e+00  -3.7538914e-01   1.2071832e+00   6.0263885e-01   4.3881432e-01   7.6721564e-01
  -1.3783352e-01  -1.7819705e-01   8.7623965e-01   2.2090610e+00   3.3482165e-01   2.2832044e-01  -8.4469300e-01  -1.8104853e+00  -2.1008885e+00   2.3810472e-01
  -2.2569048e+00   6.8372589e-01   1.2883821e+00   3.8952868e-01   1.5512847e+00  -7.9587645e-01  -1.5133393e+00   5.2664825e-01   3.1176877e-01   8.3293240e-01
  -1.5462307e+00  -1.2159548e+00   8.3126287e-01   1.8682981e-02  -1.2923034e+00  -6.3526062e-01   1.3532247e+00  -1.8674773e+00  -3.2639492e-01   1.2202897e+00
  -2.0290968e-01  -1.0926602e+00   1.3196518e+00  -1.1814478e+00   1.4278621e+00  -4.9940215e-01   1.6024185e+00   7.1974796e-01  -6.9904447e-01  -3.0738840e-01
   2.3229595e-02  -6.9274507e-01  -8.6758909e-01  -1.2273083e+00  -1.1639419e+00   1.1834220e+00   7.4091493e-02  -8.4044086e-01  -1.0045986e-01  -6.8124445e-01
   5.8886024e-01   1.5358992e-01   2.0912532e-01  -6.5762715e-02  -1.7517107e+00   1.8292713e-01  -6.7692663e-02   8.6076090e-01   6.4428720e-01   9.9098644e-01
   1.2227438e+00  -2.3017636e+00  -5.4308148e-01  -4.7954088e-01   1.7890595e+00  -6.5697760e-01  -3.0686898e-01  -1.8203564e-02   3.2220752e-01   9.1210041e-02
   3.9125071e-01   7.5973610e-01   3.8626773e-01  -8.9414161e-01   1.2201795e-01  -4.2668144e-01  -8.8547878e-01   8.4070988e-01   1.5947060e+00  -7.1465565e-01
  -7.6517147e-01   6.1271147e-01   4.6891877e-02   1.5541373e+00   5.4792765e-01  -1.6045943e-01  -6.4434310e-01  -7.3394157e-01   1.8369735e+00   1.0541035e+00
  -1.4215438e+00   1.3542799e+00   3.9351613e-01  -2.2581900e-01   3.5405453e-02  -3.7756681e-01  -1.0087268e+00  -2.7043330e-01  -7.3471060e-01  -1.2721698e+00
   3.0403251e-01   3.7922182e-01  -2.5058379e-01   1.3908420e+00   1.1502016e+00   2.9764309e-01  -5.6347591e-01  -3.4521970e-01   1.6550908e+00   6.6980335e-01
  -7.4695153e-01   1.6379000e+00   3.2232817e-01  -3.6010452e-01   3.5242821e-01   1.5324237e+00  -1.6896197e+00  -1.4236440e+00   1.3007363e+00  -2.7302091e-01
  -4.4902438e-01   1.4566731e+00  -2.6192792e-01   1.0276691e+00  -4.0715423e-01  -1.3257972e+00  -6.5202590e-01   1.0170809e+00   1.8404849e+00  -1.6260944e+00
   9.7708136e-01  -7.5276840e-01   3.9666550e-01  -4.8720331e-01  -1.0327664e+00  -3.7516162e-01  -1.0546213e+00   1.0478660e+00  -6.5563523e-01   1.8818785e+00
  -1.1163451e+00   5.6885672e-01  -5.1941263e-01  -1.8437650e+00  -8.7590763e-02  -1.1503608e+00   5.2985944e-01   3.5362244e-01   4.3102963e-02   2.3987247e-01
   1.8154468e+00   8.5867355e-01  -2.8024120e-01   1.0474290e+00   7.9240868e-02  -1.5314539e+00   7.3523512e-01   7.5337980e-01  -1.1300381e+00   9.4307151e-01
   1.9384821e-02  -5.5095857e-01  -1.6315460e+00  -3.9875611e-01  -4.4895766e-01   3.8852021e-01   6.0541037e-01   7.0001240e-01   7.8176736e-01  -2.8071946e-01
   4.1203013e-01   1.3012710e-01  -3.9724282e-01   3.2558959e-01   1.8887080e-01  -3.0478354e-01  -1.1877783e-01   1.1139079e+00  -1.0427951e+00  -1.5085530e+00
   9.7342268e-01  -2.6679511e-01  -7.7810951e-02  -6.9595885e-01   2.4642039e-02   8.2784047e-01  -5.4182996e-01  -4.2812378e-01  -3.1813852e-01   1.5731366e-02
   1.1991501e+00  -5.5448842e-01  -1.0388898e+00   1.3898561e+00  -8.8799650e-01   1.2962078e+00   3.5475744e-01   8.5918494e-01  -5.6623504e-01   9.4093145e-01
  -2.6487286e-01   1.3682451e+00   1.3199359e-02  -1.4752805e+00  -1.8971367e+00   8.5298673e-01  -4.4794933e-02  -6.6996224e-02   3.6386657e-01   2.6243058e-01
  -4.8363135e-01  -1.1092424e+00  -1.0159671e+00  -7.4412892e-03   1.0058248e-01  -5.6074748e-01   3.9232401e-01  -1.2754984e+00   5.6862306e-01   3.9170947e-01
  -5.8192686e-01   2.5753299e-01   1.8738062e+00  -4.9947177e-02   7.9078326e-01   1.6789323e-01   8.2271425e-01   1.7110047e+00  -2.3206888e-02  -1.3322912e+00
   9.3458370e-01   1.4474320e+00   6.2378942e-01  -5.1994019e-01  -2.0484662e-01   1.1898751e+00   8.4827096e-01  -1.1322677e+00   4.5333205e-01  -1.3177325e+00
   1.7315878e+00  -1.9400507e+00   3.8677145e-01   2.0802662e+00   5.7986415e-01   3.3962823e-01  -1.0258008e+00  -7.1058872e-01   1.9395547e+00   1.4170030e+00
   8.2685550e-01  -9.7286142e-01   7.5879940e-01  -2.3841087e+00   1.1818326e+00   9.4944831e-01  -6.7620665e-01  -4.8991024e-01  -4.9358100e-02  -8.4446331e-01
   1.2822904e+00  -3.3031414e-01  -6.3037587e-01  -9.8596031e-01   7.0763280e-03  -7.2810423e-01   1.1254254e-01   6.9087472e-01  -8.2603593e-01   8.3335741e-02
   5.7597664e-01  -1.9548174e-01   3.5564850e-01  -1.1152854e+00  -5.5654130e-01   7.5997861e-02  -5.0824722e-01   6.2164152e-01  -5.3610595e-01  -1.9018168e+00
  -6.3597350e-01  -1.3463720e+00  -7.1264957e-02  -1.3926437e-01   1.2743067e+00   5.4218420e-01   3.4905150e-01   5.8449655e-01  -6.0703102e-02  -4.8976664e-01
   8.9488547e-02   1.0222435e-01  -1.1019172e+00   5.3314619e-02  -1.3002934e+00  -1.3721712e+00  -7.7446311e-01   1.0921285e+00  -2.3885744e+00  -1.9746061e-01
  -6.6317484e-01   8.9537973e-01   4.7382859e-01   1.2488488e+00  -4.0810609e-01   9.6227959e-01   4.5216857e-01   4.7712627e-01  -5.1471633e-01   1.3044263e+00
   5.8984493e-01  -1.8353261e-01  -9.5991826e-01  -1.7397567e+00   5.3931614e-01  -9.1180839e-01   1.9259981e-01   2.3299012e-01   1.7086177e+00   2.5070260e-01
  -8.7159852e-01   6.3516969e-01   9.3643281e-01   2.8109305e+00   5.7026510e-01   1.0332439e+00   1.7994662e-01  -9.8994375e-01  -1.6252558e+00  -2.6118144e+00
   2.4148917e+00   8.4940508e-01   4.3280935e-01   6.0841898e-01  -7.2092186e-01  -6.5390776e-01   1.4120196e+00   9.9948918e-01   7.5971014e-01   1.4727192e+00
   2.9848841e-01   6.8514352e-01  -2.8676951e+00  -1.0230435e-01   9.0803556e-02   9.0733376e-01  -7.5014821e-01  -6.7594510e-01  -9.8925646e-01   1.5905861e+00
  -1.0592490e+00   8.9884900e-01   1.3612667e-01   6.9587209e-01  -2.8865936e-01  -2.5028093e+00  -6.8813200e-01   2.6653206e-01  -7.4174595e-01  -1.2618805e+00
   1.9787943e+00  -3.4467847e-01  -4.3222173e-01   4.8614086e-01  -7.5142900e-01   6.2660850e-02   1.3066835e-02   7.1294377e-01  -8.1829822e-01   8.3435903e-01
   1.9523663e-01   3.1371982e-01  -1.2168534e-01   5.2291325e-01   6.3428431e-01   1.7993486e-01  -7.5414890e-01   8.8468018e-01   8.3193024e-01   9.0727229e-01
   1.0240751e-01  -2.3188449e-01   4.3895565e-01  -9.9466922e-01   1.5573023e+00  -1.7810604e+00   1.8835562e-01   5.7028536e-01  -1.1452069e+00  -7.9923003e-01
  -3.2817043e-01   4.1072064e-01  -8.0680739e-01  -1.3168944e-01   2.1418080e+00  -9.0689778e-01   1.3591304e+00  -6.7110986e-01  -2.0590790e-01   1.3028704e+00
  -6.6484764e-01  -1.2417369e+00  -9.7382583e-01  -8.8300996e-01  -5.2635693e-01  -5.5340476e-01  -2.0607051e-01   9.8964764e-02   7.4606521e-01   1.2064648e+00
   6.0430512e-01  -2.9402749e+00   1.1269727e+00  -4.6141822e-02  -3.6573238e-01  -1.0855465e+00  -6.4289089e-01   2.1593022e-01   1.8508376e-01   9.2291868e-01
   1.2068750e+00  -2.0657245e+00  -4.1109440e-01  -2.6399538e-01  -1.2097130e+00   2.2308648e-01   5.8210523e-01  -1.6561382e-01   7.9166262e-02   3.5304874e-01
   1.3691197e+00   1.9351933e+00   2.3085245e-01   8.0310899e-01   1.1102701e+00  -1.1667469e+00   4.3835696e-01   1.2025825e-01  -1.9061752e+00   9.5893300e-01
  -1.1945027e+00  -1.1492909e+00  -1.4567093e+00  -3.1048774e-01  -1.3866267e+00   6.2502620e-01  -3.1613667e-01   2.7841771e-01   6.0493456e-01   1.9530766e+00
  -2.6199077e-01  -7.3154981e-02  -1.7557678e+00   5.7866485e-01   1.4481238e+00  -1.3759987e+00  -4.4315337e-02  -4.9982430e-01  -6.0520277e-01  -3.3058819e-02
  -6.6141533e-02  -5.1974624e-01  -3.9864026e-01   9.1915216e-01   9.6267349e-01   1.4843132e+00   8.3922860e-01   5.3004721e-01  -3.3146333e-02   1.8855499e-01
   8.7738926e-01   7.3434549e-02  -2.1985665e-01   8.8177217e-01  -2.4809196e+00   6.9910067e-01   1.0131366e+00  -1.2900203e+00   1.7119950e+00   4.1332960e-01
  -5.9383967e-01   1.3643592e-01   1.6221931e+00  -5.5100896e-03   1.4252814e+00  -9.6024745e-01  -1.6219006e+00  -7.1554920e-01  -1.4020318e+00   2.5187747e+00
   1.2290419e+00  -1.8005602e+00   2.4887653e-02   4.8918433e-01  -1.2310231e-01  -5.8140001e-01   1.1724583e+00   2.7098410e-01   1.0874911e+00   8.5280943e-01
   7.9844254e-01  -1.7152288e+00   1.2676728e+00   6.1454089e-01  -1.6597930e+00  -1.6524943e-01  -1.4980279e+00   6.8326899e-02   4.9405910e-01  -6.9497598e-01
  -8.2259975e-01  -7.8562884e-02  -1.1401933e+00  -6.6936972e-01  -1.9442429e-01   3.4292256e-03   1.1165991e+00   1.4390262e+00   2.2554946e+00  -8.9468662e-02
   7.1985335e-01  -4.1675213e-01  -6.2525142e-01  -3.7929616e-01  -1.1216256e+00   8.7701805e-02  -2.4714775e-01  -1.3920959e+00  -7.1283665e-01   9.1145088e-01
   2.9789635e-01  -1.9681372e+00   2.2328745e+00   4.1371819e-02   6.8328809e-01   1.0913038e-01  -9.0456273e-01  -5.8402156e-01  -1.4910136e+00   3.6290855e-01
   9.8034537e-01   4.4837463e-01   5.5288142e-02   1.7285085e+00   2.7270340e+00   1.7420152e+00  -8.4416341e-02   6.7632986e-01  -3.2502240e-01   3.6974259e-01
   1.6935849e+00   9.1899897e-01  -1.1454964e+00  -9.2241297e-01   5.7928803e-01   4.9515854e-01  -1.0091972e+00  -9.1221188e-03   1.4902717e+00   9.0188624e-01
   1.4331772e-01   1.6706769e+00   2.7594122e-01   1.1071945e-01  -7.0089739e-01  -7.1301278e-01   1.4785171e+00   5.0282164e-01   8.2026070e-01  -3.0080180e-01
   1.5360741e+00   3.4529208e-01  -2.6748901e-01  -2.4857305e-01   1.1253182e+00   9.0485358e-01   1.9755275e+00   3.7320116e-02  -1.7791374e+00  -2.3198953e+00
  -1.0463624e+00  -9.1110696e-02  -6.9157289e-02   1.0461388e+00   1.1662035e+00   1.0588407e+00   6.9760499e-01  -1.4143271e+00   1.7381751e+00  -3.9236228e-01
  -4.4199211e-01   1.7619751e-01   1.6491623e-01   9.4485525e-02  -1.5729981e+00  -2.0768250e+00  -1.8227860e+00  -5.6810782e-01  -1.6104141e+00  -1.3011213e+00
   2.6193030e-01   1.1193959e+00  -1.2999098e+00  -4.0780395e-01   1.5106831e-01   1.1270031e-01   2.9317585e-01  -8.0458407e-01   7.8426615e-01   4.1656033e-01
  -1.8387081e+00   2.0073848e-02  -1.0166543e+00   9.0976859e-01   1.3539044e+00   6.3989346e-01   1.1100105e+00   1.1376414e+00   1.5471168e+00  -1.1730186e+00
  -8.3252389e-01   3.9883698e-01  -1.5863309e+00   5.4139702e-01  -9.5840176e-01  -1.9211506e+00   1.7163216e+00   1.9862671e-01  -1.5830101e-01  -3.8320014e-01
   1.5542402e-01  -9.7754407e-01  -1.4371172e+00   1.6030370e-01  -8.7770934e-01   2.2901419e+00  -1.1806151e+00   1.2317545e+00  -1.3159863e-01   8.7846905e-01
   5.7146409e-01   7.4095757e-01   1.8093210e+00  -2.6339627e+00   5.4559465e-01  -4.5619736e-01  -4.6915064e-01  -2.1176304e-01   1.1386980e+00   1.5738524e+00
   1.2780963e+00   4.9828673e-01   5.4695058e-01   8.1922354e-01  -1.6323794e+00   3.8871372e-01  -2.9907097e-01  -4.8682337e-01   1.1771212e+00  -9.9370660e-01
  -2.8000985e-01   2.3450371e-02   1.1828329e+00  -7.0585300e-02   2.9781032e-01  -4.0731248e-01  -1.6786798e+00   1.1860798e+00  -3.3095057e-01   2.2401741e+00
  -1.5181793e+00  -2.8739207e-01   1.3288551e-02  -7.0271860e-01   2.0560008e+00  -2.1777770e-01   6.9464091e-01  -1.8702129e-01  -1.2778516e+00  -6.3516149e-01
   1.1140073e+00  -1.5580495e+00   3.0240438e-01  -2.9383464e-01   3.6894081e-01   9.2363898e-01  -1.2638855e+00  -2.0389571e+00   1.4227948e+00   1.1065950e-02
  -3.8191331e-01   7.9607593e-01  -5.3408749e-01  -1.1796556e+00  -2.7366958e-01  -8.9009908e-02  -8.2638803e-01  -2.1561636e-02   2.3342111e-01  -6.3231240e-01
  -6.6114482e-01   8.0012501e-01  -4.6058973e-01   2.2063246e-01   5.0710468e-01   1.0520574e-01   8.6219706e-01  -9.3676273e-01  -4.2547792e-02   9.5482435e-01
   6.7591961e-04  -5.8689651e-01   2.0726069e+00   2.8823638e-01  -1.2402313e+00   6.5185318e-02  -6.9827442e-02  -4.0523660e-01   1.6769043e+00  -5.7906029e-01
   1.9575586e+00  -6.9755158e-01   1.5876968e+00  -1.4812632e+00  -6.9942015e-01   4.1319425e-01  -1.1179282e+00   3.2661452e-01   2.9956299e-01  -1.6311054e+00
  -1.2950029e+00   8.8995884e-01  -3.8919117e-01  -1.2838326e+00   6.0478783e-01  -7.5849820e-02  -2.1520814e-01   7.7309172e-01   1.0169220e+00   8.1683288e-01
  -1.1223338e+00   5.8311052e-01  -5.0175943e-01  -8.3250095e-01  -2.3708855e-01   1.0923010e+00   1.1658334e+00  -1.8514632e+00   8.4834822e-02  -4.0325725e-01
  -3.2908951e-01   1.6601401e+00   1.1306175e+00   6.4838817e-01  -8.7795179e-01  -7.3660639e-01   2.5484496e-01   9.7103293e-01   1.2525099e+00  -8.3165440e-01
  -2.6098209e-02   1.1776840e-01   9.0095863e-01  -1.6652104e-01   2.1183950e+00   1.0652562e+00  -7.8905470e-01  -1.6525036e-01   1.3851636e+00   2.1534328e-01
  -1.1435264e-01  -2.2175584e-01  -9.2562118e-02  -3.3531743e-01   1.6560188e+00   1.3545290e+00  -1.4626976e+00  -2.6262890e-01  -1.8885008e-01  -2.4786029e-01
   1.6812635e+00  -7.3515130e-01   4.0476786e-01   6.0272289e-01  -6.6692455e-02  -2.6388614e-01  -6.8434956e-02  -4.7826483e-01   2.0247626e+00   8.7544065e-01
   1.2201312e+00  -2.1400818e-01  -6.9071843e-01  -5.5648422e-01   4.4667363e-01   5.4713470e-01  -1.5200633e+00  -7.5220266e-01   1.3585048e+00   1.9368789e+00
   1.1591126e-01   9.7198641e-01  -2.2655483e-01  -8.6958476e-02  -4.5074757e-01   8.4133318e-01  -2.9907825e-01  -1.0293268e+00  -1.3150752e+00  -7.7257602e-01
  -3.9377661e-01  -7.4097645e-01  -1.1858627e+00   9.9618040e-01   2.3279355e-02  -2.4514158e-01  -8.2258270e-01   4.3273682e-01  -3.7745463e-01  -1.2262084e+00
  -4.7010411e-01  -8.2347484e-01  -5.1503100e-01   4.1354193e-01   1.1423700e+00  -8.1866886e-02   4.6960282e-02  -4.7801145e-02   1.8520873e+00   7.0706203e-01
  -3.6250848e-01  -1.0744272e+00   3.9178852e-01   3.2464995e-01  -2.6934135e-01  -8.9233870e-01   4.4798432e-01  -4.3621623e-01  -6.2106818e-01   1.9409680e+00
   6.3360770e-01   5.4614604e-01  -1.1192663e+00   1.0755630e+00  -4.6983903e-01   8.6415676e-01  -6.1922163e-01  -2.8343863e-01  -8.0872241e-01  -3.8255313e-01
   3.1960785e-02   9.1554090e-01  -5.1771156e-01  -2.3024739e+00   2.7380348e-01   4.4418474e-01   6.2857372e-01  -3.2324633e-01  -4.9226225e-01  -1.5240698e+00
   1.0838680e+00   5.9787082e-01  -5.2447578e-01  -1.8613254e+00   2.4664589e-02   7.6911447e-01   2.3715155e+00   1.5654472e+00   2.3665981e-01   2.0462598e-01
   4.0757095e-01  -8.1759376e-01   6.9293102e-01   1.8351991e+00   1.2900081e+00  -6.3328400e-01   7.1736390e-03  -1.5217341e+00  -1.0186271e+00  -5.5831255e-01
  -7.1287857e-01  -7.9978311e-02   1.5074173e+00  -1.1052317e+00   1.4968819e-01  -1.8433236e+00   7.8236951e-01   1.2297220e+00  -5.8041860e-01  -1.1883117e-01
   1.8661150e+00  -3.2229376e-01   4.9877771e-01   5.1934789e-01   1.1598745e-02  -2.0712693e+00  -4.5758281e-01   3.8930169e-01  -6.8952570e-02   6.7336238e-01
  -2.2082717e+00  -1.2459611e-01   2.9230149e-01  -5.1311687e-01   3.7023823e-01   7.9026833e-01   2.4359190e-01   1.3238593e+00   3.3354104e-01  -1.4824870e+00
  -1.2595220e+00   9.6817759e-01  -1.2470512e+00  -4.2700642e-01  -1.3719236e-01   1.0965879e+00  -1.4162674e+00   1.2402421e+00   1.2766547e+00   9.0385087e-01
  -3.5904274e-01   1.5513875e+00  -7.1384732e-01  -6.8705010e-01  -5.2976067e-01  -9.1662197e-01  -3.6387246e-01  -2.7542296e-01  -1.2194672e+00   5.0668231e-02
   5.2175239e-01   2.9337208e-01   1.7355112e-01  -1.3946429e+00   6.2235348e-01   4.3843137e-01  -7.6052058e-01  -2.1597976e-01  -9.2733891e-01  -3.2945165e+00
   4.7900210e-01   2.1305949e-01  -1.2932622e+00  -1.4338240e+00  -3.1263437e-01   3.2305951e-01   3.3989218e-01  -1.3759075e+00  -5.9968624e-01  -1.0785182e-01
  -2.8216833e-01   1.7685866e+00   2.9044351e-01  -1.0109592e+00   1.1721219e+00   1.8548208e+00  -7.2570005e-01  -1.8128440e-01   7.6210032e-01   1.5004305e-01
  -2.2820826e-01  -4.2799042e-01  -1.6010675e+00   2.4180852e-01   1.1489972e+00   3.2304443e-01  -4.9596217e-01  -1.4074810e+00  -5.9452617e-01   5.9213284e-03
  -1.6625915e+00   1.5646092e+00  -2.4557495e-01   2.0686018e-01  -8.0646448e-01  -1.0225227e+00  -2.9418550e-01   1.4419093e+00   4.9652333e-02  -8.3709888e-01
   1.2759034e+00  -3.3655938e-01  -3.9612293e-01   1.2487962e+00  -2.2220830e-01  -3.0148258e-01   7.8195563e-01  -1.5435116e+00   1.2555352e-01   1.6608547e-01
   1.8648467e+00  -3.2485950e-01   5.9576202e-02   4.8402482e-01   2.2525661e-01  -9.1722025e-01  -9.3713735e-01   6.0259895e-01  -9.7304437e-01   2.2258369e+00
   1.1224334e+00  -2.0510039e-01  -1.5151725e+00  -2.2425788e+00  -2.1672380e+00  -1.3389146e-01  -1.6550586e+00   5.1910868e-01  -4.3821681e-02  -5.9797584e-01
  -3.6994132e-01  -6.8460024e-01  -3.2277665e-01   3.0068882e-02   4.3509843e-01  -1.4060539e+00  -3.6468997e-01  -5.7053655e-01  -2.4578556e+00  -9.0037311e-01
   4.7412494e-01  -1.0538727e+00  -3.6179973e-01   4.3870103e-01  -5.7949830e-01   6.5029020e-02  -2.4788376e-01  -5.9940519e-01   3.0736190e-01  -2.7935361e+00
  -6.3633063e-01   6.2053017e-01   1.9804065e-01   9.6470128e-01   1.3390242e+00   2.5499636e-01  -1.8120064e+00   6.8085917e-01   8.4555828e-01   1.4526458e+00
  -3.8989079e-01  -5.7317274e-01  -1.1462831e+00   5.6567242e-01   5.9284811e-01  -4.1867125e-01  -1.7042698e+00   3.6731459e-01   1.0653159e+00  -1.9717289e-01
   9.7432641e-01  -1.4620535e+00  -4.0118977e+00  -1.2510134e+00   2.0732731e+00   1.1257865e+00   7.3858599e-01   8.0079262e-01  -7.4267726e-01  -6.1732170e-01
   1.5318699e+00   2.7155678e-01  -9.7079036e-01  -2.3233065e+00   1.4205200e+00   1.5950715e+00  -1.3031309e+00  -3.5025053e-01   8.2204088e-01  -8.2784501e-02
  -8.9896569e-01   5.0914185e-01  -7.9012800e-01  -4.4872317e-01   2.6998715e-01  -5.1803530e-01  -4.6972979e-01   1.4770234e-01  -4.8098867e-01   8.9844615e-01
   2.5449632e-01  -1.2773875e+00  -4.0269166e-01   4.4177578e-01   2.1351333e-02  -1.1012912e+00   6.1147588e-01   4.4213418e-02  -1.3905126e+00  -8.3289205e-02
   1.3191748e+00  -8.7883314e-01   6.2724789e-01   9.5350784e-01  -6.9666098e-01  -2.2486704e-01   7.4415307e-01   1.4877243e+00   1.6756277e+00  -1.7303068e+00
   1.4403198e+00   1.0432345e-01   6.9616626e-01   4.0867319e-01  -1.0074066e+00  -3.6044960e-01   7.6738147e-01  -4.9693824e-01   1.0351254e-01  -1.8894186e+00
  -8.4134964e-02  -1.2554111e+00  -1.1069058e+00   1.1006119e-01   1.0611312e-01  -8.4078492e-01  -9.0861659e-02  -8.6223326e-01   3.4028238e-01   7.7225965e-01
   1.0587734e-01   1.3348119e+00   2.3594915e-01  -4.5278748e-01   7.7709106e-01  -1.7205948e-01  -5.3456559e-01  -1.2548156e+00   5.5262891e-01   2.3126243e-01
   4.6974704e-01   1.3862755e+00  -1.1671427e+00  -6.3950188e-01   3.4206300e-01   1.7798109e-01  -1.0964947e+00   9.2975142e-01   4.3903260e-01   1.5111722e+00
   7.0146176e-01  -5.4058303e-01   1.0457404e+00  -4.6196582e-01  -7.3911527e-02  -2.9014137e-01   5.5716708e-02  -1.6442232e-01  -9.1947671e-01   1.3364955e-01
  -4.5953900e-01  -4.4917638e-01   2.7459745e-01  -3.1058556e-01   5.8092281e-02  -4.8413976e-01  -8.1923296e-02   1.0012091e+00  -6.8726424e-01  -3.6560285e-01
   1.3271484e+00   1.9589970e-01  -1.0624712e+00   1.4400298e+00   1.1268350e+00   5.1576246e-01   4.1011915e-01  -1.0036775e+00  -1.6239863e+00  -2.1970069e+00
  -1.4224520e+00  -7.0604213e-01   9.2494714e-02   1.3603680e+00  -2.9479270e-01   4.4479258e-01   8.5618355e-02  -1.6082055e+00  -3.4091832e-01   7.1853498e-01
  -2.5520012e+00  -1.0615074e+00   5.2218661e-01  -1.3600492e+00  -6.4487200e-01   2.0404595e+00   7.6918972e-01  -8.1001595e-01  -8.9900222e-01  -6.5648970e-01
   1.0153592e+00  -7.2817752e-01  -4.5835400e-01   6.7650666e-01  -8.7049620e-01  -6.3931763e-01   3.5856781e-01  -3.3007277e-01  -5.0206573e-01  -1.7394921e-02
  -4.3525756e-01   9.3702664e-01  -7.0850089e-01   4.0262961e-01  -1.3956146e-01   5.7817198e-01  -5.4450395e-01  -2.7645254e+00  -9.0743145e-01   1.2993300e+00
   1.0295153e+00  -2.3157981e-01   7.9636698e-01  -4.6548019e-01  -2.0522076e+00   5.7047708e-01   1.0721252e+00  -4.7591916e-01  -1.3531129e+00   4.8977964e-01
   4.3641358e-01  -4.4784467e-01   1.1484421e-01   3.6668915e-01   2.0995325e+00  -7.3363099e-01   1.0022536e+00   8.7931639e-01   1.3455261e+00   5.7327933e-01
  -8.1494698e-01   1.6861872e+00   1.3931957e+00  -1.1964868e+00  -1.0325167e+00  -7.1632658e-01  -2.4225914e+00  -1.0341004e+00  -9.5377562e-01  -5.6006275e-01
   5.8783058e-01  -5.4340196e-01  -2.7028780e+00   5.8105029e-01  -3.0632701e-01   2.0909008e-01   1.8219555e+00   1.2620263e+00  -1.8077943e-01  -3.3046719e-02
  -8.7762193e-01   4.5775308e-01   2.6160315e-01   1.2949162e-01   1.7027843e-01  -2.1664003e-01   9.4268070e-01   2.9305862e-01  -8.4485830e-01  -1.6674994e-01
   7.9486056e-01  -1.8212547e+00   9.1568110e-01   8.7097813e-01  -2.3407206e-01   7.4322139e-01   1.9750214e-01   1.6887974e+00  -2.0575972e+00   4.5859106e-01
   3.4002894e+00   8.7483451e-01  -3.9284180e-01   5.4671363e-01   1.2395634e+00  -8.4254983e-01  -1.0226361e+00  -3.6984487e-01   1.1638826e+00   4.2610815e-01
   1.5542354e+00   1.4392559e+00   5.0663173e-01  -1.0400621e+00  -1.1784655e-01   1.2960190e+00   1.0720916e+00  -1.3105087e+00   1.0280259e+00  -4.2420049e-01
  -9.9279324e-02   7.0464642e-01   7.1830184e-01   1.8086904e+00  -6.5658964e-01  -7.0494037e-02   7.3536679e-01   2.1292168e-01   6.9241395e-01   4.2400599e-01
   1.1065444e+00   4.0423111e-01  -8.1932498e-01   1.7868808e-01  -1.0341154e+00  -9.3475843e-01   2.0289213e+00  -5.4656681e-01   1.4190662e+00  -1.7605329e-02
  -1.7816811e+00   1.6197788e+00   1.3889950e-01   1.8752076e-01  -1.6569435e+00   3.6272780e-01  -1.4503177e+00   1.0881765e+00  -2.8155764e+00   8.5275408e-01
   1.2860249e+00  -1.4055798e-01   7.2049442e-02  -8.1573778e-01   4.8886391e-01   4.5985150e-01  -2.1644747e-01   3.0148283e-01  -1.4130106e+00  -1.6820073e+00
   6.9149884e-02  -9.7666122e-01  -4.9911834e-01   1.0222977e-01   2.5698826e+00   2.1647201e+00   1.4206122e-01  -1.4107957e+00  -3.1701059e-01   2.5405209e+00
  -6.7132801e-01   4.6160809e-01  -5.8774684e-01  -2.6872555e-01   1.0416755e+00  -1.9349381e+00   4.5397275e-01  -4.4474202e-01   4.2960464e-01   6.2240585e-01
   2.3708297e-01   5.5961232e-01   1.0806084e+00  -2.1695784e+00   5.7470792e-01  -5.9026730e-01  -9.7107595e-01   2.0185354e+00  -1.5716536e-01  -1.3494037e+00
   1.4847458e-01  -7.5105698e-01  -4.0548988e-01   3.6673147e-01   4.8566534e-01  -6.6177372e-01   3.7955156e-01   1.2355222e-01   1.2746872e+00   9.5185171e-01
   3.9661112e-01  -1.1821796e+00   1.3879701e+00   2.2582706e+00   4.1471974e-01   2.5843083e-01   4.9491228e-03   7.4825483e-01   7.1806606e-01   1.9319376e-01
   9.0469288e-01   5.2739469e-01  -6.7128296e-01   9.8107798e-01   1.5473706e+00   6.0418707e-01  -1.5754496e-01  -5.7246631e-01  -3.8874641e-01  -1.1616778e+00
  -8.6586103e-01  -3.0331962e-01   9.2324685e-01   1.0102857e-01   1.0131998e+00   5.2277954e-01  -2.9049996e-01   2.3665580e-01  -2.5300002e+00  -5.3024306e-01
   1.7795588e+00   5.5998209e-02   5.2406934e-01   3.0023476e+00  -8.1769930e-02  -6.5861867e-01   5.4630174e-01  -1.5602430e+00   4.6764956e-01   4.7915678e-01
  -7.8933821e-01  -3.0047786e-01   1.0854203e+00   3.9302103e-01  -5.9939404e-01  -1.8846246e+00   2.8744085e+00  -1.0427317e+00   2.6832382e-02  -9.8733411e-01
  -1.6829282e-01  -1.1048495e-01   5.0817381e-02   7.7341393e-02   1.4237223e+00   4.4839079e-01   3.9155089e-01  -1.5714106e-01   1.2204670e+00  -8.1745134e-01
   9.8785949e-02  -8.0995034e-02  -5.4264770e-01  -1.6307837e+00  -4.3577305e-01   6.1685695e-04  -4.3672008e-01   7.5532402e-01   6.8554093e-01  -8.4381404e-02
   1.1563757e+00   4.7948995e-01  -6.3341411e-02  -7.2598499e-02   5.8859279e-02   7.0329824e-03  -4.6585362e-01  -2.5994145e-01   4.3869647e-02  -1.1973718e+00
   1.8854706e+00  -5.6611845e-01   1.7010801e+00  -7.4521501e-01  -2.5238512e-03  -3.9193731e-01  -1.2349450e-01  -8.3204968e-01  -9.8208654e-01   2.7226819e-01
  -7.5896944e-01  -9.9176771e-01   9.8786048e-02  -1.6943154e+00  -4.7390027e-01   1.5933816e+00  -1.6063523e+00  -3.1922888e-01   6.8181190e-01   4.6750079e-01
  -2.1421733e-02  -4.8693614e-01   1.3261379e+00  -5.6891418e-02   8.9697877e-01   1.8951998e+00   1.2336390e-01  -8.8406398e-02   9.0129641e-01   5.4462366e-01
   8.3810219e-02   8.5285890e-01   2.4634211e-01   6.2209834e-01   9.4975124e-04  -9.9000443e-01   2.8865037e-01  -2.9589191e-01   1.1521254e-01  -1.6115274e-01
   9.3581597e-01   6.3478559e-01  -1.4139598e+00  -3.7392485e-02  -6.3520390e-01   8.1589840e-01   9.2563466e-01   8.8656585e-01  -1.5993957e+00  -9.6777430e-01
  -6.5067793e-01  -1.5784415e-01  -2.3971717e-01  -9.9112105e-01   1.9367974e+00   1.0747020e+00  -1.1607504e+00   1.1785027e+00   1.0149975e+00   2.2565106e-01
   1.2174096e+00  -9.3473314e-01  -6.1164984e-01   1.4520492e-01  -1.3707772e+00  -5.2412469e-01  -1.7383379e-01   1.1131744e+00  -8.4802853e-01   9.9504931e-01
  -1.0140388e+00   1.4789473e+00   9.0597400e-01  -2.4514787e-01  -1.3877312e+00  -2.3321692e-03  -1.3881607e+00   1.6672948e+00   5.5820526e-01   1.2838418e+00
   3.5802371e-01   1.6281089e+00  -2.2883842e+00   1.4524669e-01   6.7837634e-01   1.0284250e+00  -4.1241702e-01  -3.9899091e-01   2.2440229e+00   4.2445393e-01
  -6.6605714e-01  -4.5963758e-01  -4.3773544e-01   4.6000195e-01   8.9144767e-01  -2.5368788e-01   8.1909311e-02   2.8644336e+00  -1.5581549e+00  -3.7318512e-01
   3.6518638e-01  -1.1018496e-01   2.0539025e+00   1.0218935e-01  -3.6317856e-01   9.3769415e-01  -1.0718805e-02  -7.3013481e-01  -5.3674973e-01  -7.0543057e-01
  -7.7239755e-01   1.3834657e+00  -9.0407922e-01  -6.9999066e-01  -8.6611837e-01   4.0413938e-01   1.0290742e+00  -4.4958495e-01   7.1567243e-01   7.1276463e-01
   2.1229949e+00   7.4230329e-01   2.5833382e+00  -1.3417592e+00  -1.4430230e-01   1.4441665e+00  -1.1185568e+00   6.8692442e-02  -1.2102400e+00  -6.2574139e-01
   9.1867436e-01  -1.3482856e-01  -6.7043809e-01   7.4267219e-01  -7.8761396e-01   5.2298040e-01  -6.7208357e-01   1.5661119e+00  -3.4499456e-01   9.6172180e-01
  -3.3043678e+00  -7.0231386e-01  -8.0180854e-01   1.1047705e+00  -8.2144177e-01   8.8316684e-01  -3.0355038e-01   1.9358141e+00   1.0853708e+00  -1.2404823e+00
   4.2559743e-01   2.9792783e-01  -1.3112362e+00   2.0438582e+00   2.5278269e-03  -7.6297075e-01   1.3887489e-01  -2.6117680e-01   9.1895252e-01  -6.6849716e-01
   6.8297187e-01  -3.2486019e-01   6.0640098e-02  -1.1850410e+00  -1.3663359e+00   1.1082830e-01  -4.9211108e-01   8.8975602e-01   4.9169683e-01  -4.5256278e-01
   1.4222850e+00   8.6990368e-01  -1.2634425e+00   7.0839483e-01   1.0737949e+00   4.4952242e-01   1.1767516e+00   9.7628599e-01  -1.4753139e+00  -1.0241328e+00
  -1.7701894e+00  -2.3776701e-01   7.8544613e-01   2.1262911e+00   2.5816499e-01  -1.6588017e-01   2.9382854e-01  -1.4982765e+00  -2.9399944e-01  -2.3160235e-01
   1.0194911e+00   7.4974008e-03   4.0709089e-01   1.3134959e+00   7.3089386e-02   9.7099451e-01   3.8923701e-01   4.4902193e-01   1.3961293e+00   8.3557817e-01
  -5.7064303e-01  -3.6322487e-01   1.5362159e-01   1.5365630e+00  -6.7375397e-01  -1.5949833e+00   2.3013903e-01   5.1838049e-01   3.3899444e-01   5.2804164e-01
   3.3095590e-01  -1.3986255e-01  -9.0607746e-01   3.9227426e-01   1.6366210e+00   8.0673210e-02  -1.9229376e-01   1.5077675e+00   1.9506535e+00   1.4960854e+00
   5.2653845e-01  -1.7238470e+00  -1.9824494e-01  -1.7427622e-01   1.8163536e-01  -8.9960937e-01  -3.1872687e-01  -1.4390686e-01  -1.1450830e+00   3.2111829e-01
   1.3716538e+00   7.1791135e-01   1.1352382e-01  -7.8480751e-01   3.6925022e-01   2.1062061e+00   1.0075600e-01  -3.5897100e-01   2.5201969e-01   7.0306853e-01
   8.4660845e-02  -1.3438535e+00  -7.5483363e-01  -6.1305713e-01  -8.1779860e-01  -3.9234754e-02   8.5161891e-01   3.3658172e-01  -1.0845457e+00  -2.5864305e-01
   1.2212325e+00  -1.6271775e+00  -1.0031906e+00  -7.8641402e-01  -1.2120184e-01   1.1162444e+00  -9.5588405e-01   1.9947903e+00   1.4021234e+00   1.3160292e+00
   4.4615053e-01   1.3064552e-01  -2.8587699e-01  -1.3338236e+00  -6.6250859e-01   7.3177164e-01   1.7461827e-01  -6.0724465e-01  -3.3878203e-01  -1.0630309e+00
  -8.7733114e-01   4.4663521e-01   8.7091930e-01  -1.4617208e+00  -9.4931413e-02   9.2402196e-01   3.2541353e-02  -8.9579501e-01   1.4204208e+00  -3.2347446e-01
   6.4027075e-01  -2.9013485e-01  -4.9286776e-01  -2.1277370e+00   4.8349235e-01   2.3069302e-01   7.8752709e-01   3.6686973e-01  -8.0151111e-01  -1.1416988e-01
  -1.5813668e-01  -9.2224561e-03   5.5895347e-01   6.1781884e-01   5.1752746e-01   2.0924971e+00  -6.3017621e-01   2.3547696e-01   7.5835504e-01   4.3111040e-01
   1.2105390e-01  -1.7910997e-01   8.3363322e-01  -3.2690625e-01   8.1167979e-01  -1.7088595e-01  -6.7118609e-01   4.1504157e-01   1.5266658e+00  -1.5787572e+00
  -1.1103391e+00   1.2859306e+00  -6.1359201e-01   5.1688810e-01   1.1144604e-01  -4.1278357e-01   1.6817115e+00   7.3300837e-01   4.9806376e-01   2.1706363e+00
   1.3680451e+00   5.1088269e-01   3.4660155e-01   7.5921457e-01  -1.7738391e+00  -6.0781077e-01   6.3254064e-01   1.8722514e+00  -9.8594061e-01  -2.4455308e-01
  -4.5891931e-01  -5.4330534e-01  -8.6035632e-01  -5.8553775e-01   3.2753252e-01   1.2702391e+00  -1.2818658e+00  -3.0316147e-01   1.0846091e+00  -1.8618410e-01
   4.7031925e-01  -1.6393121e+00  -7.2676847e-01   7.2618969e-01   7.9197535e-01   1.0525802e+00   9.0322557e-01  -1.2481881e-01   1.2778926e+00  -3.0002739e+00
  -8.4307362e-01   1.4301899e-01   9.9480015e-01  -1.4192916e+00   4.9803259e-01   6.5087677e-01   1.7174689e+00   2.1701327e-01   6.1633738e-01  -2.0463937e+00
  -1.7512085e-01  -3.5086612e-01   7.4199761e-01  -1.8648189e+00   3.0878943e-02  -1.2080300e+00  -2.2574316e+00  -1.2389461e+00  -2.3084260e-01   1.6011582e+00
  -1.0068336e+00  -1.0892335e-01   1.2166265e+00   1.0868989e+00   7.9894841e-01  -2.0612998e-01   3.0044309e-01  -2.5020254e-01   1.0757533e+00   7.9448415e-01
  -1.2651819e+00   1.5306161e+00   4.0831397e-01  -1.4935307e+00  -9.4735995e-01  -8.4796049e-01   9.6210163e-01  -2.1296769e-01   6.0087233e-02  -1.0092208e+00
  -6.5235591e-01  -6.1679383e-01  -5.4003532e-01  -7.1370172e-01   3.1318982e-01   8.5487090e-01   4.6555362e-01   1.7368167e-02  -1.2330939e+00  -5.5693101e-01
  -1.1947488e+00   1.5341202e-01  -2.4906712e-01  -7.9973541e-02  -1.6037191e+00  -6.7754015e-01   9.9420794e-01   1.4689240e-01  -1.8171994e+00  -2.0194518e+00
   1.2099869e-01   8.6762702e-01   1.3124162e+00   1.0294575e-01   7.2337057e-01  -7.6155230e-01  -2.9253599e-01  -5.1510863e-01  -4.0099283e-01   1.8900445e-01
  -1.2027153e-01  -9.4635153e-01   4.8652568e-01  -4.7415713e-01  -7.0065064e-01  -5.4289410e-01   2.3190163e-02   7.3870608e-01   3.2300151e-01   3.8175955e-01
  -9.3554715e-01   6.6543748e-02   8.0572993e-01  -9.4271656e-01   9.6750666e-01   3.6789776e-01   3.1162549e-02  -2.9220896e+00  -2.7140249e-01  -1.0318881e+00
   5.4902559e-01   1.0932442e-01  -1.2648640e+00  -6.4167688e-01  -8.0500546e-01   4.8837386e-01   1.2574438e-02   1.2486686e-02   2.7439463e-01   5.1352459e-01
   1.9256070e-02   4.6951022e-01   6.3079672e-02  -5.0300670e-01  -6.5417735e-01  -1.0746044e+00  -1.3015223e+00   6.7938321e-01   3.8419266e-01   1.8221552e+00
   1.1097575e-02   1.2601937e+00  -5.3320935e-01  -3.6679149e-01   1.9445911e-01  -2.1878048e+00  -1.6419056e+00  -1.1408310e+00  -1.5758577e+00  -2.7148904e-01
   1.3853122e+00   5.0357260e-02  -3.5969401e-01  -3.4250655e-01   6.3845767e-01  -8.3828908e-01  -1.5995745e-01  -4.4240750e-01  -6.7370686e-01   2.2286658e+00
  -8.2288596e-01   3.6129923e-01   1.0913658e+00   6.5038681e-01   2.2419101e+00   7.9596094e-01   5.3061203e-01  -5.1262432e-01  -1.1061638e+00   9.4697133e-01
   1.4319178e+00   4.5290546e-01   1.3425253e+00  -4.8259005e-01  -1.5801733e+00  -6.9205849e-01   9.5622910e-01  -1.7325151e-02  -1.4814170e-01   1.8551943e-01
   9.7162937e-01   1.1719429e+00   1.0669058e+00   1.6446457e-01   7.4801137e-01   4.3881804e-01  -7.5501771e-01   2.3777134e+00   1.2052819e+00   2.9555353e-01
   1.0013277e+00  -9.8360674e-01   1.1854130e+00   4.6481792e-01   6.0799818e-01  -6.8046657e-01  -1.4653625e+00   2.7271690e-01  -1.3596632e+00  -8.0691543e-01
  -3.8512481e-01   1.1659066e+00   8.9300588e-01   1.8145969e+00   4.8262301e-01  -6.7674236e-01   8.1099341e-01   3.3797660e-01   1.3322778e+00   5.0379770e-01
   6.2386223e-01   3.9621949e-01   1.6589478e-02  -1.1916484e+00  -1.5301925e-01   6.0201876e-01   9.9201302e-03  -1.2203049e+00   1.2801719e-02   1.1996271e-01
   1.5776514e+00   1.4471201e+00  -6.8205280e-01   1.5838491e+00   1.4400057e+00  -2.0120625e-01  -1.5402023e+00  -6.5740101e-01  -9.3767734e-01   1.9291952e-01
   1.3855671e+00   8.7744553e-01   1.9714103e-01  -6.1706865e-01  -2.8415918e-01   1.3754340e-01   3.7372726e-01  -1.0596778e+00   1.0233796e-01   8.8845404e-01
  -1.8931400e+00   6.0770110e-01   1.7419076e-01   1.0929833e+00  -1.3584838e+00  -6.0950077e-01   8.7341861e-01   2.6401100e-01   1.3990875e+00   5.7278138e-01
   1.9402248e+00   1.5536317e+00  -6.0322310e-01   9.0056762e-01  -1.3832715e-01  -7.9347951e-01   3.8356247e-01   2.5172163e-01   4.8650646e-01  -1.4224370e+00
  -9.3285281e-01  -8.7803374e-01   9.2786725e-01  -8.6566597e-01  -5.8145010e-01  -1.2021413e+00   9.7778383e-01  -1.4041753e-01   1.7317255e+00  -9.6094776e-01
  -1.4596133e+00   1.7900402e+00  -9.4514973e-02   1.8196077e-01   1.0844567e+00   1.8763564e+00  -2.4724183e-01   4.2853949e-01  -1.5104013e+00   1.0219054e+00
   8.2398918e-02   2.0976340e-01  -6.6726532e-01   6.9194411e-01   1.0510238e+00  -1.0732870e+00   1.2167918e+00  -1.8902069e+00   2.2475121e-01  -9.2949674e-01
   5.9716015e-01   9.7169186e-01  -4.5299487e-01   1.2622897e+00   8.3468663e-01   5.3894782e-01   9.2773423e-01  -7.7741705e-01   7.4532309e-01   5.1127922e-01
   3.5396966e-02   1.7536814e+00   2.1408371e+00  -7.5005717e-01  -1.0262965e+00  -7.7941005e-02   1.1347303e-01  -1.1063305e+00  -2.1892590e-01   2.8823661e-01
  -6.0722635e-01  -1.0012897e+00   7.3862229e-01  -1.1935230e+00   1.0126106e+00  -4.1051760e-01  -1.0023834e+00  -1.0949444e-01  -2.1012300e+00  -1.1373940e+00
   5.4017252e-01  -7.8228212e-01  -1.5716468e+00  -7.5486983e-01   1.8204488e+00  -1.2223724e+00   1.2811830e+00  -1.6535299e+00  -1.4249635e+00  -7.2056225e-01
  -2.3971734e+00  -3.9023177e-01   7.3397971e-01   2.0445249e+00  -7.2707425e-01  -1.3869300e+00   1.8645851e+00  -1.3641156e-03  -3.4484229e-01  -1.1845975e+00
   2.9050515e-01   2.8221730e-01   5.3876181e-02  -8.7062882e-01  -1.1803154e+00  -1.6835344e+00   9.0279009e-01  -2.4141112e+00  -1.3106676e+00   4.3319403e-01
   6.0886857e-01   2.3449921e-01  -4.5294897e-02  -1.1752291e+00  -1.6227925e+00  -1.1603776e+00  -4.8770983e-01  -7.0513459e-02   2.2455467e+00   4.5207607e-01
   3.5088079e-01   8.3043568e-01   8.7352234e-02   6.4476999e-01   4.8013571e-02   2.7502362e-01   7.8442723e-01   2.8226501e-01  -1.0649087e+00   2.5065469e-01
   1.6561841e+00   2.7644499e-01   1.0646575e+00   1.4705906e-01   4.9226156e-01  -1.1089140e+00  -2.5289798e-01   1.9878637e+00  -4.1665758e-01  -1.2140973e+00
  -1.3035419e+00  -3.3561665e-01   1.4060980e+00   8.4314463e-01   1.7720967e+00   1.4186260e+00   5.7817412e-01   1.0962558e+00  -6.5408947e-01  -1.3492312e+00
  -1.9754120e+00  -1.0788801e+00   1.3607862e+00   4.7882093e-01  -5.2072817e-01   7.2260341e-01  -3.9984843e-01   3.7507809e-01  -1.8323945e-01  -5.6572187e-01
  -3.7894295e-01   1.0768120e+00   1.2309800e+00   8.7385164e-02  -1.5813014e+00  -8.2919232e-01  -6.6975760e-01  -3.4962914e-01  -8.9294341e-02  -3.8457781e-01
  -2.7446195e-01   5.2759528e-01   3.7850896e-01  -1.4452784e+00   9.3228113e-01   1.9975856e-01  -1.5636863e-01  -6.5073604e-01  -1.7375788e-01  -3.9716039e-01
  -1.2424229e+00  -2.3492565e-01   7.3206475e-01   8.4627681e-01  -7.1594877e-01   3.1335723e-01   5.7241506e-01  -5.8884570e-01  -6.4143988e-01   1.7651933e+00
  -4.8578954e-01  -5.3776391e-01   2.0940944e+00   1.6370644e+00   9.3919155e-01  -6.2531615e-01  -5.8009302e-01  -5.0623296e-01  -1.6627367e-01  -1.2586555e+00
  -6.4016523e-01  -2.1782554e+00   1.5857283e+00   7.2971394e-01  -5.4667835e-01   2.9755369e-01  -4.7131461e-01  -3.7001228e-01   4.2211022e-01   1.4024289e+00
  -5.4105477e-01   8.7070215e-02  -6.1109271e-01  -1.2511561e+00   3.9624851e-01  -6.2274451e-01   1.4229660e-01  -3.5922282e-01   4.4423423e-01   4.1724959e-01
   2.1385455e-01  -6.0251607e-01   8.1128470e-01   1.4278748e+00   5.9588255e-01  -2.0344218e-01  -5.6523199e-02   1.4844040e+00   7.8745587e-01  -6.0424238e-01
   3.1289530e-01   6.3058549e-01   1.0517260e+00  -9.2275751e-01   1.6061507e+00   8.8802800e-01   9.4889485e-01  -2.6550948e-01  -1.3187467e-01  -4.9059058e-01
   7.8242779e-01   7.8392546e-01   7.7163553e-01  -2.2597191e-03   8.8402686e-01  -8.6627788e-01  -7.9769558e-01  -4.6822833e-01   9.7044959e-01   6.0080584e-01
  -3.8179261e-02  -8.1131556e-01   1.1486740e+00   2.4330607e+00  -5.7543166e-02  -7.2204991e-02   6.1261050e-01   2.7128046e+00  -2.4796336e-01  -1.3998735e+00
  -1.8334696e+00   1.3078900e+00   1.5754481e-01  -1.3082180e+00  -8.7664584e-01   7.7941364e-01   8.1023319e-01  -1.3611274e+00  -5.6507750e-02   9.2903569e-01
   2.5009132e-01   1.7645685e-02   3.3219187e-01  -5.7001284e-01  -2.7972607e-01   1.2609733e+00   5.6698403e-01  -1.0989564e+00  -5.4418831e-01   1.4883065e+00
   8.5745103e-01   1.2871799e+00  -1.7102573e+00   3.1502731e-01   1.1005379e+00  -1.2872904e+00  -1.4805807e+00   1.1399168e+00  -6.8678907e-02   4.3240924e-01
   1.0686471e+00  -1.2516289e+00   2.4507990e-01   2.2659602e-01  -1.1384425e+00  -6.5710857e-01   1.3857648e+00  -8.4088404e-01  -9.6702529e-01   1.0614018e+00
   1.8033217e+00  -4.4008590e-01   1.0645824e+00   3.4046587e-01  -5.9268318e-01  -4.4201369e-01  -5.9517212e-01   9.6178640e-01   7.6353769e-02  -1.0593359e+00
  -4.9090019e-01   2.8835731e-01   2.1191822e+00  -3.3516182e-01   1.5896321e+00  -7.1997962e-01  -6.4400116e-01  -7.6472451e-01  -1.2901917e+00  -7.9558832e-01
   9.9505089e-01   1.7626886e+00  -1.6183449e+00   5.2989879e-01  -8.4225217e-01  -1.7481144e-01  -1.0424492e+00   3.2153396e-01  -5.4059798e-01   1.8144103e+00
   7.3814562e-01  -6.8735242e-01  -6.6265729e-01  -3.1059404e-01  -8.0036930e-02  -4.2490492e-01   2.8559245e-01  -5.8291985e-02   2.6423070e-01   4.3283198e-01
   4.8012877e-01  -4.9431119e-01  -1.0295877e+00   8.6844999e-02  -7.3703698e-01  -6.7530706e-01  -6.1376511e-02   5.6460063e-01   3.6556966e-01  -2.9421421e-01
  -6.6762282e-01   1.2933141e+00  -1.0657647e+00  -7.1975103e-01   5.4307233e-01  -9.0212186e-01  -7.5581140e-01   1.3723289e+00   1.4481732e+00  -1.5465357e+00
  -3.9844725e-01  -8.2485311e-01  -1.1596095e+00  -6.8177477e-02   4.1224103e-01   2.0629826e+00   1.6719190e-01   8.2991014e-01  -2.4826724e-01  -3.8735425e-02
  -5.8828658e-01   7.0368970e-01  -3.2375356e-01  -1.6305404e+00   3.2190523e-01  -5.8854096e-01   2.8166294e+00  -2.6560061e-01  -2.0821491e+00  -7.2580309e-01
  -9.1004483e-01   2.9990600e-01   2.1660954e-01  -1.1102348e+00   6.9281393e-01  -1.3594657e+00   1.8541493e-01  -6.3196969e-01   7.4509441e-02   8.9879207e-01
   5.0934366e-01   9.4998172e-01   1.0615946e+00  -5.2414878e-01  -1.1947677e-01   7.9340541e-01  -1.2994668e+00  -1.8863742e+00  -1.0915782e+00  -7.3540342e-01
  -2.7540164e+00  -6.1259749e-01  -6.5792212e-01  -7.8932482e-03  -6.8427070e-01  -4.0629785e-01  -2.2834564e-02   4.2748851e-01  -5.7157245e-01  -7.0480155e-01
  -6.3020872e-01  -4.5238539e-01   9.3169300e-01  -1.4603739e-01   1.2220024e-01   1.6554085e-01  -2.7332737e-01   1.3852958e-01  -8.1871205e-01   2.4953084e+00
  -2.4256247e-01  -7.1811429e-01  -2.5790570e-01  -1.8214969e+00   8.3268180e-03  -3.7525829e-01   4.0284342e-02  -4.6193087e-01   1.7094448e+00   1.3268244e+00
  -1.0548498e-01  -1.5660913e+00   5.9099506e-01  -5.8739163e-02  -1.4873706e+00  -3.6070794e-01  -1.1002928e+00   1.7915402e+00  -3.1860180e-01  -4.6753785e-01
