   1.2440474e+01
  -2.3695777e+00
  -1.2013679e+01
  -8.0990976e+00
   9.6699609e+00
   7.4822476e+00
   3.0374708e+00
   1.5749501e+00
   5.7230976e+00
  -7.4122307e+00
  -4.3439792e+00
  -3.5237138e+00
   3.8319504e-01
   2.4408140e+00
  -2.9796373e+00
   5.7602232e+00
   3.2265034e+00
  -8.5281510e+00
   4.5209805e+00
   1.2668013e+01
  -7.9246031e-01
  -2.9271304e+00
   9.7275670e+00
  -3.2855905e+00
   2.9224755e+00
   7.3994780e+00
  -5.5844626e+00
   1.5116409e+00
  -1.6230430e+00
   3.2847795e+00
  -9.8186511e+00
   4.0676710e-01
   4.9589102e+00
   2.1100993e+00
   9.7622301e-01
  -8.0564340e-01
  -4.9448337e+00
   6.4300991e+00
   7.7211305e+00
   5.6321004e+00
  -1.3706470e+01
  -3.3025603e+00
   7.6259962e+00
  -9.7678131e-02
  -5.1895528e+00
  -6.8838398e-02
   3.9602288e+00
  -2.2623513e-01
  -9.4795751e+00
   4.5199522e+00
  -4.4410374e+00
  -4.2276745e+00
   4.1028886e+00
  -1.0981878e+01
   1.1621374e+00
   1.7702107e+00
   2.7597736e+00
  -6.6455691e+00
   6.8051299e+00
  -4.3155664e-02
  -6.8902156e+00
  -7.6195540e+00
  -8.4374535e+00
  -2.1485460e+00
   1.7333737e-01
  -1.3914495e+01
   4.4614012e+00
  -3.6410833e-01
   2.0315093e+00
  -2.5624939e-01
  -6.0374406e+00
   1.1765475e-01
  -4.3691222e+00
   3.1972812e+00
  -7.7624063e+00
  -1.7499266e+00
  -3.0104979e+00
   1.9452802e+00
  -4.7885260e+00
  -4.7933504e+00
   5.5512308e-02
  -2.8415183e-01
  -8.5077825e+00
   4.0560067e-01
  -2.0827328e+00
  -3.5775907e+00
   4.3527530e+00
   1.0262374e+01
   1.7289583e+00
   3.8174991e+00
   9.0570402e+00
   5.9575279e+00
  -6.1236422e+00
   6.8598139e+00
   6.7099899e+00
  -1.1643449e+01
  -9.1760488e+00
  -2.2558939e+00
  -5.0471456e+00
  -1.4233322e+00
  -4.1284845e+00
   1.2888535e+01
  -9.6502113e+00
  -6.1442367e+00
   5.6050841e+00
   4.2341657e+00
  -5.4303405e+00
  -4.2749178e+00
  -2.3832533e+00
   7.3869089e+00
  -3.3137092e+00
   1.1218906e+01
   1.7302064e+01
  -4.0984130e+00
  -8.7250895e-01
   1.7666081e+00
  -7.5605123e+00
   6.5196205e+00
   1.0757028e+01
  -1.2041504e+00
  -2.6264595e+00
   1.4245440e+01
   9.3272119e+00
  -9.0316872e+00
  -5.7940525e+00
   4.2695282e+00
  -9.0132835e+00
  -1.5162075e+00
   4.2450586e+00
   5.2868495e+00
   1.0501875e-01
  -1.1474333e+01
  -1.0047818e+01
  -4.7119683e+00
   3.0208098e+00
   6.9613041e+00
   4.9465873e-01
   1.1792755e+01
   3.2684138e+00
   1.3347746e+00
  -2.8388971e+00
  -5.3788722e+00
   6.7660779e+00
   3.3893787e+00
   2.5345378e+00
   4.8335984e+00
   3.7590534e+00
   6.4714186e+00
   4.0024361e+00
  -4.8499368e+00
   2.6447577e+00
  -1.2382162e+00
   1.4496675e+01
  -7.4468785e+00
  -3.2181602e+00
  -1.3550781e-01
  -5.1257567e+00
  -6.3838851e+00
  -1.5581752e+00
   1.3462795e+00
  -2.1575340e-01
  -3.3808731e+00
   7.7991191e+00
  -7.1987030e-01
  -2.7326652e+00
  -1.4584196e+00
   4.5022935e+00
  -6.0270824e+00
   4.0940890e+00
   1.3071260e+00
   6.6611838e+00
  -4.9697576e+00
  -1.3768522e+01
   9.2134989e+00
  -2.8642329e+00
  -3.4404793e+00
  -1.3431897e+01
  -9.0361770e+00
   9.3689309e+00
  -2.2027400e+00
   6.2118617e+00
  -4.4621283e-01
   8.9031142e+00
  -1.0498993e+00
   3.4246203e+00
   1.3193298e+00
   3.9830426e+00
   6.8671353e+00
  -1.2923092e+00
   2.7504741e+00
   4.6665654e+00
  -1.0313796e+01
   1.3279159e+00
   3.0252308e+00
   7.2908777e-01
   6.1837400e+00
  -7.4783492e+00
  -9.5115791e+00
  -4.5010153e+00
   8.2703279e-01
   8.0569552e-02
   9.6822000e+00
  -2.1436764e+00
   1.5038184e+00
  -1.2441028e+00
  -2.3364538e+00
  -1.8534281e+00
   8.3704172e-01
  -1.1905674e+00
  -1.6443825e+00
  -3.3275556e+00
  -3.0030135e+00
   8.5741082e-01
   5.4793066e+00
  -4.1089949e+00
   1.1971521e+01
   4.6811208e-01
   6.9842171e-01
  -3.7385633e+00
   9.4081919e+00
  -3.6194813e+00
  -2.5286468e+00
  -4.0617034e+00
   7.7432191e-01
  -3.7813240e+00
   1.7370016e+00
   6.3324997e-03
   3.0755289e+00
   2.8435872e+00
  -1.3480478e+01
   3.8485855e+00
  -6.2984766e+00
   7.7735746e+00
  -7.1496097e+00
  -1.2331216e+01
  -1.2073875e+00
   1.0738274e+01
  -4.5616169e+00
   6.8264202e+00
   2.6792236e+00
  -7.0472294e+00
   1.1346284e+00
   2.1227126e+00
  -1.6480659e+00
  -4.7769760e+00
  -1.1085403e+00
  -3.4186933e+00
  -1.1719328e+01
  -8.1256926e+00
  -7.0830461e-01
   1.2946625e+01
   9.8555167e+00
   2.5898198e+00
  -6.9841500e+00
  -5.8058642e+00
  -2.7975465e+00
   3.9761694e+00
  -9.6189032e+00
  -5.8870406e+00
   7.2794702e+00
  -7.6834458e+00
  -7.1561936e+00
  -5.8940773e+00
   5.5857347e+00
   9.5220684e-01
  -5.5694671e+00
   2.5597743e+00
   3.3587121e+00
  -9.7718521e-01
  -9.6970294e+00
   1.1510810e+01
   3.0961678e+00
  -1.2090218e-02
  -2.6069916e+00
  -1.0205675e+01
  -1.3460556e+00
   2.2013539e+00
   3.3524164e+00
  -3.1595390e+00
  -1.4855619e+00
  -8.4640535e-01
   3.8697031e-01
  -8.8223982e+00
   6.7739192e+00
   1.3967998e+01
   2.6430928e+00
  -2.8684117e-01
   2.1225090e+00
  -8.5350155e+00
  -1.0089773e+01
  -7.5761661e+00
  -6.5881158e+00
  -7.8212730e-02
  -1.0410882e+01
   4.3401024e+00
   8.8781320e+00
  -1.1183200e+00
  -2.2973799e+00
   9.4695478e-01
   5.1954028e+00
   6.7684327e+00
  -6.4302384e+00
   6.8629370e+00
  -1.8408003e+00
   6.9050134e+00
  -1.4751571e+00
  -6.3758037e+00
  -3.6288596e+00
   6.1088815e+00
  -1.9879959e+00
   1.5116573e+01
   3.3081922e+00
   1.1760283e-01
  -3.7062524e+00
  -1.3304301e+01
  -2.9023077e+00
  -1.0525391e+01
  -4.0967322e+00
  -3.2749751e+00
   8.7447579e-01
   6.1605149e+00
   4.0469462e+00
  -1.3311381e+00
   3.2829215e+00
  -4.1360846e+00
   1.6563082e+00
  -7.2073276e+00
   3.0501305e+00
   6.0788324e+00
  -1.5326349e+00
  -2.1327007e+00
   2.5619948e+00
  -1.2369691e+01
  -1.3399775e-01
   1.1580882e+01
  -4.3952949e+00
   5.1834615e-01
  -1.0440442e+01
  -8.6958476e+00
  -2.4393782e+00
   3.1520197e+00
   6.9645260e-01
  -9.9255891e+00
  -7.4114900e+00
  -6.0507006e+00
   1.1898099e+00
  -1.1954120e+01
  -7.9177868e+00
  -1.5447440e+00
   4.5319133e-01
  -3.8964113e+00
  -4.7474570e+00
  -4.8187034e+00
   4.9746269e+00
  -3.5944023e+00
  -5.8928125e+00
   8.3789263e+00
  -9.6038387e+00
  -6.2728030e+00
  -1.7083908e+00
  -2.8880760e-01
   5.3224289e+00
  -1.0547767e+01
   5.0731668e+00
   2.9891998e+00
  -3.3921989e+00
   7.4195655e-01
   1.3126615e+00
   8.8761317e+00
  -6.3884236e+00
   2.5987620e+00
  -3.9455206e-01
  -6.3571116e+00
   5.1556955e-01
   4.1573529e+00
   1.1203031e+01
  -1.2851553e+01
   6.1739076e+00
   4.4488902e-01
  -5.4631748e+00
   2.1145256e+00
   1.2139749e+01
  -3.5722143e+00
   3.2056092e+00
  -9.0113829e+00
  -1.1298709e+01
   8.5303256e+00
   1.4706530e+01
  -5.2088095e+00
  -4.0766546e+00
  -7.7912203e-01
  -9.2457882e+00
   2.0869848e+00
  -1.4799807e+00
  -3.1722196e+00
  -1.0203124e+01
   2.7714676e+00
  -6.3298031e+00
  -1.2189579e+01
   3.7710168e+00
  -3.1661813e+00
  -4.6794013e-01
   7.8475191e+00
  -2.7602877e+00
   9.4789606e+00
  -4.5837186e+00
   1.1483023e+00
   2.7111472e+00
  -5.0290943e+00
   2.5122400e+00
  -1.4195321e+01
   1.2882638e+01
  -1.2013050e+00
   8.9369192e+00
   4.7217677e+00
   4.3990714e+00
   6.5512384e+00
  -3.3216647e+00
   7.6078802e+00
   9.5432908e+00
  -1.8703694e+00
  -2.0081608e+00
   1.9602643e-01
   1.3017637e+01
   8.1717509e+00
  -7.7650182e+00
   8.3065243e+00
   2.3612592e+00
  -1.0927865e-01
   4.8590924e-03
  -5.1247834e+00
   6.8708918e+00
  -5.2398238e+00
  -1.2260892e+01
  -6.4563389e+00
  -2.6934065e+00
  -9.9949916e-01
   9.2771954e-01
  -5.7768220e+00
  -4.7134579e+00
  -1.0891959e+01
   1.6156029e-01
  -9.5914502e-01
  -8.2040142e+00
  -5.1570662e+00
   1.8539982e+00
  -1.3697768e+00
   4.7909314e+00
   8.8202048e+00
   3.6849727e-03
   6.6109568e+00
  -1.3925186e+01
  -3.0457577e+00
  -1.3288663e+01
  -1.3021760e+00
   1.2258788e+00
  -1.1639143e+01
   3.4841568e+00
   1.4871712e+00
  -8.2563402e+00
  -3.4710467e+00
   8.2899112e+00
  -3.7906758e+00
  -9.1617012e-01
   2.3000140e+00
   1.6826879e+01
  -4.3269427e-01
   7.8773221e+00
  -1.0974465e+01
   5.1514590e+00
   7.2587638e-01
   3.4327840e+00
   4.6951542e+00
  -1.5404938e+00
  -8.6347520e-02
   1.8758142e+00
  -3.7563126e+00
  -7.1571612e+00
  -4.2926656e+00
   7.2115544e+00
   3.0947597e+00
   5.1649288e+00
  -2.5203944e+00
   3.8612347e+00
   2.5625027e+00
   1.1890282e+00
  -5.0702531e+00
  -1.3605345e+00
   2.9668689e+00
   6.1416107e+00
   9.7790666e+00
  -6.6020568e+00
   8.4576850e+00
  -4.1723132e+00
   7.3164732e+00
   1.5861060e+00
  -1.2368126e+00
  -3.0430938e+00
   2.0415702e+00
   6.0707720e+00
