  -1.5698194e+00
  -2.8560099e+00
  -7.1471701e+00
  -2.5225678e-01
   1.3148501e-01
   6.5167372e+00
  -2.4336165e+00
   9.8446768e+00
  -9.8722738e+00
   9.3022980e+00
  -2.6277678e+00
  -5.5015043e-01
  -1.7196474e+00
   2.3129486e+00
   5.5564789e+00
  -4.6324105e+00
  -3.1460771e+00
   4.5670695e+00
  -7.4136361e+00
  -4.3784234e+00
   6.8889094e+00
   2.3313440e+00
   1.1669420e+01
   5.5674183e+00
  -1.6054575e+00
   6.2534175e+00
  -3.9921148e+00
  -6.1651508e+00
  -1.3822653e+00
  -6.8896723e+00
   2.0881096e+00
  -1.4607630e+00
  -1.0854570e+01
   9.5197245e+00
   3.2264849e+00
  -8.9737152e+00
  -9.9780481e-01
   1.2659506e+01
   4.8008571e+00
  -2.3343835e+00
   4.3877775e+00
  -3.9713715e+00
  -1.2118037e+00
   1.7903600e+00
  -4.1531583e+00
  -5.4344852e+00
   5.8367781e+00
   6.3349387e+00
  -7.0433567e-01
   1.0403109e+01
  -3.1604413e+00
   1.2819340e+01
  -3.9782415e+00
  -1.9631565e+00
  -1.0465134e+01
   8.3685260e+00
   2.2759954e+00
  -1.9567793e+00
   3.5431061e+00
   4.9003404e-01
   5.3071488e+00
   1.6386673e+00
  -1.3752202e+00
   1.8860845e+00
  -3.0680389e+00
   1.2619190e+01
  -2.0064890e+00
   6.1401108e+00
  -4.2741338e+00
   1.7621952e+00
   2.8075432e+00
   8.9572088e-01
   1.9861898e+00
  -1.4104861e+00
   2.8386902e+00
   4.4862559e+00
  -8.6323576e+00
   6.8532555e-01
   5.4032073e-01
  -1.4946619e+01
  -1.2063761e+01
  -2.3042116e+00
  -1.0741856e+01
   5.1221424e-01
   4.6693474e+00
   1.8437659e-01
  -7.7312148e+00
  -2.8972617e+00
  -1.5902646e+00
  -6.0061818e+00
  -2.4752752e-01
   5.3500679e+00
   2.2835239e+00
   1.2340134e+00
   3.4060105e+00
  -9.2304140e-01
   2.0999030e-01
   3.6405299e+00
  -7.6624879e+00
   1.3738391e+00
   1.4881972e+00
  -3.2303467e-01
  -2.4005175e+00
  -4.0726165e-01
   3.3568164e+00
   7.8221237e+00
   6.3387241e+00
   3.1500670e+00
   9.2373156e-01
   2.5568534e+00
  -8.5105267e+00
   4.6776006e+00
  -1.4875580e+01
   5.1311588e+00
   4.3192901e-01
  -1.1294004e+00
  -8.3386225e-01
  -7.1486877e+00
   5.2864171e+00
  -2.0738969e+00
   6.5421438e+00
  -4.2680070e+00
   2.4531354e+00
  -7.3305893e+00
   2.9411800e+00
   1.2926767e+00
   1.0693810e+01
  -3.5161234e+00
  -1.3883425e+01
  -4.6576599e+00
   1.8096293e+00
  -2.1699787e+00
  -6.9306584e+00
  -8.4824057e+00
  -1.6405057e+00
  -1.6729300e+01
  -2.9573028e+00
   3.0222562e+00
  -5.7350818e+00
  -1.6749763e-01
   4.3916121e+00
   2.3058715e+00
  -2.3458872e-03
  -9.5827450e+00
   4.8680567e+00
   1.1421485e+00
   1.8786737e+00
  -2.5684787e-02
   5.1991136e+00
  -1.3352652e+00
  -2.5298845e-01
  -1.1195743e+00
   5.4303274e+00
  -4.3018319e+00
  -3.0564988e+00
   1.2369312e+01
   2.8140243e-01
  -7.9126877e-01
   6.4487615e+00
  -2.7430895e+00
   3.1162525e+00
   5.3562675e-01
   2.9393651e+00
   1.5205737e+00
  -4.0153646e+00
   1.0102211e+01
  -1.5394692e+01
   6.5383161e+00
   4.3828472e-01
   1.1954567e+01
   9.2731403e+00
  -5.9232365e+00
   7.0672190e+00
   1.2021729e+00
  -5.8742383e+00
   1.8702096e+01
  -1.8410942e+00
   1.0460529e+01
   4.7547238e+00
   8.5307718e+00
   3.5658052e+00
   6.2441684e+00
  -6.6444696e+00
   3.5482065e+00
   5.9564719e+00
   7.1749118e+00
   1.8314385e+00
   6.0305971e+00
  -5.6071960e+00
  -1.3092370e+01
  -8.7205101e-01
  -1.3143097e+01
   8.0503817e+00
  -1.8006595e+01
  -3.3631412e+00
  -2.8889221e+00
   7.1625246e+00
   6.2584923e+00
   1.3679457e+01
   5.0151952e+00
   6.3295682e+00
  -5.9282929e+00
   5.2534925e+00
  -2.0128084e+00
   6.8347102e+00
  -2.3112101e+00
   2.1598508e+00
   1.4836191e+01
  -9.8401854e+00
  -3.5289527e+00
  -1.3219590e+00
  -9.2515768e+00
  -1.5205249e+00
  -4.8549332e+00
  -4.3045232e+00
   7.4251472e-01
  -1.5270720e+00
  -1.2934027e+01
  -6.6031393e-01
  -3.5013525e+00
  -1.4820862e+00
  -9.0990369e+00
  -3.8038464e+00
   2.4333131e+00
   5.8776062e+00
   6.1962248e+00
  -1.0098495e+01
  -2.0432719e+01
  -4.8305438e-01
   5.1761196e+00
  -1.4961681e+00
   1.5850709e+00
  -8.0067265e-01
   3.0154031e-02
   8.5077435e+00
   4.3207319e-02
   7.1331677e+00
  -5.6289154e+00
   2.6356479e+00
   1.2458210e+00
  -1.0873556e+00
  -7.9457716e+00
  -1.9270047e+00
  -1.6558973e+00
  -1.0704155e+01
  -7.5428046e+00
  -2.2152022e+00
  -6.8690368e+00
   4.2731925e+00
  -2.0283877e-01
   3.4716745e-01
  -2.2342145e+01
   7.3667412e+00
   3.1298358e+00
   9.4672176e+00
  -3.1034081e+00
  -1.8539810e+00
  -8.4655606e-01
  -3.4289725e+00
  -5.9850641e-01
   6.4427554e+00
   4.0875421e+00
  -9.2703039e+00
   8.7324753e+00
  -4.3073431e+00
   4.9436941e+00
   1.1724331e+00
  -1.0082776e+00
  -2.7255525e+00
  -2.3494778e+00
  -5.8171621e-01
  -9.6103995e-01
  -4.1239140e+00
  -1.6037554e+01
  -2.5298726e+00
  -5.9817053e+00
   3.8525660e+00
   1.9839358e+00
  -8.7743226e-01
   3.2772088e+00
   3.0639491e+00
  -1.1416407e+01
  -2.1635138e+00
   5.9469546e+00
  -8.0317594e+00
   1.0604749e+01
  -2.1584945e+00
   4.5505602e-01
  -4.5323158e+00
  -2.2357453e+00
   9.8871050e-01
   2.4349023e+00
  -4.6018592e+00
  -5.5153124e+00
  -3.5131441e+00
  -9.0678780e+00
   1.9903181e+00
  -1.9260312e-01
  -1.1954928e+01
  -3.2079509e+00
  -5.2057004e-01
   1.5773816e+00
   3.6307388e+00
   3.0147212e+00
  -9.0323466e+00
  -1.8679591e+00
  -1.1751235e+00
   4.0602391e+00
   5.8919882e+00
   3.4289682e-01
   1.6820115e+00
   1.6915398e-01
   8.7606062e+00
   1.1188301e+01
  -1.5382625e+01
  -1.0138468e+00
   1.1645891e+01
  -1.2753613e+00
   1.1248650e+01
   6.8662110e-02
  -2.7655943e+00
  -4.7853522e+00
  -3.3184594e+00
   2.6870246e+00
  -1.0510988e-01
  -3.0778428e+00
   1.4560424e+00
  -1.5158762e+00
  -4.4812230e+00
   7.2014110e+00
   2.6526576e-01
   6.1213781e+00
  -6.3852847e+00
  -4.8928585e+00
   6.6677852e+00
  -1.4937118e+00
  -4.7008781e+00
   2.3087589e+00
  -5.3893362e+00
   1.1775286e+01
  -5.6614523e+00
   3.7201654e+00
   4.6941901e+00
   2.3234257e+00
  -5.8469318e+00
  -4.6476420e+00
  -4.8236938e+00
  -7.6305275e+00
  -1.3209545e+01
  -5.7678602e+00
  -6.2636298e+00
  -8.2478659e+00
   2.1984469e+00
  -3.4227420e+00
  -9.6420071e+00
  -4.4852439e+00
  -7.5129710e+00
  -6.1106068e+00
   2.3897967e+00
   2.9496609e+00
  -9.4861945e+00
   2.2556264e+00
   5.9442218e+00
  -6.0157216e+00
  -2.2531924e+00
  -5.3499562e+00
  -1.0019118e+00
  -7.4884301e+00
  -1.7581389e+01
  -4.9860203e+00
  -1.8834800e+00
   1.2613053e+00
   7.1313833e+00
   1.2778930e+01
   4.9279953e+00
  -2.0534460e+00
   7.0881091e+00
   2.9685198e+00
  -1.1466794e+01
   7.7593372e+00
   1.2089791e+00
   6.0155964e+00
  -7.1159103e+00
  -4.0507834e+00
   8.6005374e-01
  -8.0953503e+00
  -1.3140316e+01
   9.2768846e-01
   4.1135371e+00
   2.2360113e+00
  -8.9856198e+00
  -5.8315356e-01
   9.5034100e+00
   1.3907742e+00
   4.4127666e+00
   2.4335613e+00
   8.7895018e+00
  -2.3060697e+00
   2.7918683e+00
  -1.3699919e+01
  -6.0451825e+00
   4.2542976e+00
   2.5712418e+00
   5.8407842e-01
  -1.2287148e+00
  -2.4628538e+00
  -7.1652017e+00
  -8.9726002e+00
  -2.6047931e+00
  -5.3354588e+00
  -5.5838814e+00
   2.6685390e+00
  -3.1346215e+00
   1.1457577e-01
   6.3878680e+00
  -3.1313435e+00
  -3.0051637e+00
  -3.1691453e+00
  -2.0634501e+00
   7.9049913e+00
   1.8500717e+00
   2.4224941e+00
  -3.9599622e+00
  -1.0926530e+01
  -7.3244287e-01
  -4.0246493e+00
   4.9706214e+00
   5.3879698e+00
  -1.9497596e+00
  -1.2190008e+00
   1.1133291e+00
   1.1929739e-01
  -2.3140893e+00
  -1.2881194e+00
   4.7054025e+00
   5.2281711e+00
  -1.2721388e+00
  -1.8798346e+00
  -3.9670112e+00
   2.4326878e+00
  -4.2377850e+00
  -1.1512981e+00
   4.1256950e+00
   7.5279106e+00
  -2.0379473e+00
  -9.1490938e+00
  -1.3940208e+01
  -1.0748008e+01
   5.9357602e+00
  -3.4740634e+00
  -4.8480573e+00
  -3.7740631e+00
  -4.9848249e+00
  -1.2538266e+00
  -1.3903720e+01
  -4.7735993e+00
   7.9989537e+00
   1.2377719e+00
   3.2944287e+00
  -2.5679820e+00
   7.7444037e+00
  -3.2640544e+00
   6.8807767e+00
  -9.9071328e+00
  -7.6355321e+00
   7.7233586e+00
  -1.2128235e+00
  -1.1805890e+01
   4.1246958e+00
  -3.6555524e+00
   6.5438753e+00
   5.2563068e+00
  -2.6439848e+00
  -6.7293082e+00
   2.7458018e+00
   6.6708628e+00
   6.5341891e+00
  -2.6527371e+00
  -7.9217102e-01
   1.3114722e+01
  -6.2159040e+00
   2.6104669e+00
   8.2040330e+00
   1.6047135e+00
  -1.1211378e+01
  -8.8562920e+00
   2.7558931e-01
   1.8692877e+00
  -1.6938019e+00
  -5.6109630e+00
  -4.6699838e+00
  -2.4552518e+00
   9.9639579e+00
  -5.0743017e+00
   5.8754464e+00
   9.6403767e-02
   3.8042456e+00
  -7.2717879e+00
  -9.3037915e-02
  -1.1620541e+00
